14068000 -1 14242000 -1 14339200 -1 14436400 -1 14533600 -1 27342600 -1 33581600 -1 -2
9269000 -1 10448000 -1 15239000 -1 18023000 -1 18276000 -1 31545000 -1 34318000 -1 -2
540000 -1 737000 -1 833000 -1 929000 -1 1025000 -1 13957000 -1 15569000 -1 -2
2884000 -1 3096000 -1 11866000 -1 14293000 -1 25022000 -1 26623000 -1 27491000 -1 -2
7526000 -1 15472000 -1 15531000 -1 15743399 -1 19837399 -1 24333399 -1 35633399 -1 -2
1871000 -1 1917000 -1 5528000 -1 9819000 -1 20562000 -1 31688000 -1 38457000 -1 -2
6435000 -1 11785000 -1 23778000 -1 24044000 -1 27183000 -1 33083000 -1 44357000 -1 -2
5728000 -1 7132000 -1 7248000 -1 8297399 -1 9346798 -1 11847798 -1 15607798 -1 -2
4148000 -1 4411000 -1 17063000 -1 19276000 -1 23299000 -1 25040000 -1 30945000 -1 -2
12122000 -1 24826000 -1 25000000 -1 27033999 -1 33120999 -1 45587999 -1 58662999 -1 -2
14310000 -1 19729000 -1 19746000 -1 25570000 -1 39175000 -1 51923000 -1 60642000 -1 -2
11467000 -1 21861000 -1 22121000 -1 24021800 -1 26909800 -1 38965800 -1 51062800 -1 -2
3903000 -1 3974000 -1 4625600 -1 5277200 -1 5928800 -1 18533800 -1 32481800 -1 -2
5060000 -1 5317000 -1 9381000 -1 18787000 -1 31917000 -1 38417000 -1 51558000 -1 -2
7452000 -1 10583000 -1 24899000 -1 31048000 -1 31300000 -1 44781000 -1 57595000 -1 -2
11785000 -1 11934000 -1 12538800 -1 13143600 -1 13748400 -1 21655400 -1 22522400 -1 -2
11948000 -1 23381000 -1 23619000 -1 23636000 -1 29220000 -1 35763000 -1 40277000 -1 -2
3800000 -1 14795000 -1 14932000 -1 23141000 -1 24859000 -1 33994000 -1 46966000 -1 -2
10829000 -1 10942000 -1 11241000 -1 11341800 -1 11442600 -1 15765600 -1 22061600 -1 -2
8503000 -1 9037000 -1 9225000 -1 9447000 -1 13454000 -1 25695000 -1 32178000 -1 -2
9444000 -1 14687000 -1 14762000 -1 29106000 -1 32328000 -1 38863000 -1 47642000 -1 -2
12243000 -1 16810000 -1 16921000 -1 24798000 -1 30609000 -1 34322000 -1 38923000 -1 -2
8200000 -1 8368000 -1 19402000 -1 27843000 -1 37323000 -1 39307000 -1 46920000 -1 -2
12364000 -1 21392000 -1 21419000 -1 21573000 -1 28728000 -1 34319000 -1 45268000 -1 -2
4887000 -1 14554000 -1 16106000 -1 20592000 -1 20835000 -1 26772000 -1 29125000 -1 -2
10707000 -1 10799000 -1 11424200 -1 12049400 -1 12674600 -1 19786600 -1 29520600 -1 -2
10218000 -1 10508000 -1 10602800 -1 10697600 -1 10792400 -1 23161400 -1 29414400 -1 -2
9154000 -1 21168000 -1 21236000 -1 21624800 -1 22175800 -1 31090800 -1 43256800 -1 -2
1608000 -1 8276000 -1 8469000 -1 15875000 -1 16003000 -1 20592000 -1 25521000 -1 -2
3488000 -1 7538000 -1 7757000 -1 19445000 -1 32784000 -1 34779000 -1 44114000 -1 -2
6577000 -1 13724000 -1 24777000 -1 25029000 -1 35323000 -1 49457000 -1 58998000 -1 -2
1849000 -1 6482000 -1 6731000 -1 6822000 -1 10903000 -1 14752000 -1 14839000 -1 -2
6537000 -1 6587000 -1 11858000 -1 25826000 -1 26634000 -1 39368000 -1 43990000 -1 -2
8415000 -1 19527000 -1 19799000 -1 19948400 -1 20097800 -1 30363800 -1 31552800 -1 -2
341000 -1 354000 -1 426000 -1 498000 -1 570000 -1 934000 -1 11338000 -1 -2
7277000 -1 9820000 -1 13050000 -1 23368000 -1 23411000 -1 29727000 -1 43313000 -1 -2
2691000 -1 13555000 -1 22245000 -1 27816000 -1 27874000 -1 32764000 -1 39229000 -1 -2
6336000 -1 9391000 -1 9557000 -1 9626000 -1 13974000 -1 27232000 -1 34045000 -1 -2
70000 -1 5611000 -1 19531000 -1 23073000 -1 23280000 -1 37361000 -1 46746000 -1 -2
2742000 -1 10974000 -1 14524000 -1 14590000 -1 23478000 -1 33072000 -1 42113000 -1 -2
4979000 -1 14253000 -1 14303000 -1 16005800 -1 19001800 -1 30928800 -1 32257800 -1 -2
1995000 -1 2233000 -1 2907400 -1 3581800 -1 4256200 -1 13921200 -1 14676200 -1 -2
3548000 -1 3667000 -1 12857000 -1 21387000 -1 21925000 -1 24186000 -1 31194000 -1 -2
13301000 -1 13379000 -1 13499000 -1 13619000 -1 13739000 -1 22654000 -1 25147000 -1 -2
8449000 -1 8723000 -1 8906600 -1 9090200 -1 22338200 -1 33610200 -1 33869200 -1 -2
6369000 -1 6440000 -1 6605600 -1 6771200 -1 6936800 -1 7801800 -1 12935800 -1 -2
11367000 -1 13811000 -1 19467000 -1 19500000 -1 25376000 -1 38284000 -1 42915000 -1 -2
5623000 -1 18854000 -1 32063000 -1 40327000 -1 40484000 -1 50757000 -1 61488000 -1 -2
1823000 -1 2004000 -1 2064000 -1 2124000 -1 2184000 -1 9732000 -1 21659000 -1 -2
9819000 -1 23909000 -1 24057000 -1 28251000 -1 38779000 -1 48496000 -1 61693000 -1 -2
6996000 -1 7070000 -1 7196000 -1 7322000 -1 14142000 -1 16150000 -1 21599000 -1 -2
13483000 -1 14259000 -1 14475000 -1 15369600 -1 16264200 -1 22521200 -1 28437200 -1 -2
1552000 -1 1563000 -1 12363000 -1 23281000 -1 29975000 -1 37907000 -1 38008000 -1 -2
2841000 -1 12576000 -1 21822000 -1 22002000 -1 26216000 -1 38481000 -1 38956000 -1 -2
5626000 -1 14308000 -1 14482000 -1 14743000 -1 15004000 -1 17183000 -1 23196000 -1 -2
9956000 -1 10147000 -1 10282600 -1 10418200 -1 10553800 -1 20198800 -1 21557800 -1 -2
10562000 -1 10569000 -1 10714800 -1 10860600 -1 17547600 -1 26726600 -1 27158600 -1 -2
522000 -1 5139000 -1 5359000 -1 5567800 -1 8587800 -1 11229800 -1 21444800 -1 -2
8157000 -1 8259000 -1 14682000 -1 24362000 -1 37692000 -1 42109000 -1 50069000 -1 -2
9982000 -1 10021000 -1 18166000 -1 31722000 -1 44430000 -1 51091000 -1 51400000 -1 -2
9672000 -1 9791000 -1 10500200 -1 11209400 -1 11918600 -1 24372600 -1 30568600 -1 -2
8591000 -1 20499000 -1 20722000 -1 20923600 -1 31277600 -1 44351600 -1 56534600 -1 -2
8905000 -1 16152000 -1 16355000 -1 19793000 -1 19965000 -1 20805000 -1 28600000 -1 -2
6389000 -1 8829000 -1 21188000 -1 21440000 -1 30090000 -1 41934000 -1 53801000 -1 -2
105000 -1 106000 -1 246400 -1 386800 -1 527200 -1 2353200 -1 6952200 -1 -2
11388000 -1 22329000 -1 22356000 -1 29484000 -1 29616000 -1 42856000 -1 49855000 -1 -2
6754000 -1 6926000 -1 10568000 -1 23235000 -1 24362000 -1 34350000 -1 40016000 -1 -2
7908000 -1 17809000 -1 17817000 -1 18022000 -1 26845000 -1 34853000 -1 45006000 -1 -2
10148000 -1 10205000 -1 21452000 -1 26995000 -1 34863000 -1 35409000 -1 37455000 -1 -2
8482000 -1 19570000 -1 31360000 -1 31562000 -1 36106000 -1 36742000 -1 39821000 -1 -2
3798000 -1 3979000 -1 5569000 -1 17195000 -1 23412000 -1 24127000 -1 34143000 -1 -2
11640000 -1 11813000 -1 12551000 -1 13289000 -1 21104000 -1 29187000 -1 35703000 -1 -2
5853000 -1 6134000 -1 6213200 -1 6292400 -1 6371600 -1 8039600 -1 14823600 -1 -2
9922000 -1 23089000 -1 23260000 -1 24131199 -1 25002398 -1 30327398 -1 41719398 -1 -2
7956000 -1 17289000 -1 20899000 -1 24991000 -1 25133000 -1 32049000 -1 40023000 -1 -2
1663000 -1 12770000 -1 12947000 -1 14694000 -1 21669000 -1 31570000 -1 39687000 -1 -2
7109000 -1 13534000 -1 13551000 -1 26928000 -1 38232000 -1 52008000 -1 58137000 -1 -2
10774000 -1 11668000 -1 11843000 -1 21352000 -1 35051000 -1 44049000 -1 47947000 -1 -2
14176000 -1 27293000 -1 27327000 -1 39813000 -1 39903000 -1 51903000 -1 54088000 -1 -2
3050000 -1 3342000 -1 3453600 -1 3565200 -1 13174200 -1 21652200 -1 32350200 -1 -2
7998000 -1 8247000 -1 8833799 -1 9420598 -1 10007397 -1 19533397 -1 24385397 -1 -2
10405000 -1 10677000 -1 24401000 -1 27963000 -1 29812000 -1 39514000 -1 50569000 -1 -2
11350000 -1 11531000 -1 12051800 -1 12572600 -1 13093400 -1 19898400 -1 27126400 -1 -2
2554000 -1 2638000 -1 3254800 -1 3871600 -1 4488400 -1 5543400 -1 9605400 -1 -2
11535000 -1 11623000 -1 12334599 -1 13046198 -1 13757797 -1 15028797 -1 27902797 -1 -2
2156000 -1 9109000 -1 9245000 -1 11713000 -1 25566000 -1 36600000 -1 39849000 -1 -2
10539000 -1 20683000 -1 20688000 -1 21555600 -1 22423200 -1 34326200 -1 43435200 -1 -2
7752000 -1 7829000 -1 21231000 -1 23534000 -1 28991000 -1 31380000 -1 41303000 -1 -2
2138000 -1 9090000 -1 9141000 -1 9279600 -1 9418200 -1 15247200 -1 19437200 -1 -2
2394000 -1 14333000 -1 15702000 -1 15837000 -1 28251000 -1 39684000 -1 42460000 -1 -2
9666000 -1 15937000 -1 16212000 -1 18106000 -1 18161000 -1 30805000 -1 31163000 -1 -2
11282000 -1 11397000 -1 23805000 -1 37889000 -1 45848000 -1 60050000 -1 60250000 -1 -2
6777000 -1 11459000 -1 11479000 -1 17199000 -1 17239000 -1 22043000 -1 31546000 -1 -2
5317000 -1 11228000 -1 11266000 -1 15576000 -1 15733000 -1 29794000 -1 43335000 -1 -2
8807000 -1 14358000 -1 14366000 -1 17756000 -1 18036000 -1 20896000 -1 22646000 -1 -2
8503000 -1 20917000 -1 34405000 -1 34623000 -1 45232000 -1 51193000 -1 64443000 -1 -2
5895000 -1 8390000 -1 13911000 -1 23355000 -1 23427000 -1 36428000 -1 45642000 -1 -2
5075000 -1 7534000 -1 7680000 -1 7952000 -1 13221000 -1 19919000 -1 31025000 -1 -2
7278000 -1 11192000 -1 11278000 -1 16441000 -1 20366000 -1 20466000 -1 34760000 -1 -2
7024000 -1 10072000 -1 10181000 -1 10234000 -1 11540000 -1 16566000 -1 19355000 -1 -2
1171000 -1 13320000 -1 21854000 -1 21956000 -1 30648000 -1 39044000 -1 40420000 -1 -2
3287000 -1 3518000 -1 12646000 -1 18592000 -1 24583000 -1 38165000 -1 45295000 -1 -2
6515000 -1 6756000 -1 7840000 -1 20102000 -1 27799000 -1 37289000 -1 37943000 -1 -2
11517000 -1 17157000 -1 21441000 -1 21557000 -1 29299000 -1 33752000 -1 41949000 -1 -2
5429000 -1 5719000 -1 12303000 -1 14349000 -1 16218000 -1 28000000 -1 35016000 -1 -2
1249000 -1 1422000 -1 2482200 -1 3542400 -1 3669400 -1 8051400 -1 22249400 -1 -2
11384000 -1 11677000 -1 22016000 -1 35532000 -1 43292000 -1 51628000 -1 56820000 -1 -2
3595000 -1 4120000 -1 4296000 -1 11052000 -1 18942000 -1 23381000 -1 35689000 -1 -2
13035000 -1 13294000 -1 13391200 -1 13488400 -1 13585600 -1 22768600 -1 34760600 -1 -2
7986000 -1 8134000 -1 8879199 -1 9624398 -1 18743398 -1 20447398 -1 30870398 -1 -2
13258000 -1 13445000 -1 13562000 -1 13679000 -1 17972000 -1 20158000 -1 29013000 -1 -2
12433000 -1 12450000 -1 13088400 -1 13726800 -1 14365200 -1 17821200 -1 25103200 -1 -2
9070000 -1 9349000 -1 12370000 -1 21657000 -1 26772000 -1 27404000 -1 29112000 -1 -2
12481000 -1 12563000 -1 12796000 -1 13246000 -1 18493000 -1 21703000 -1 30981000 -1 -2
12211000 -1 12403000 -1 25806000 -1 31190000 -1 44172000 -1 58160000 -1 72483000 -1 -2
10027000 -1 22275000 -1 27336000 -1 27512000 -1 37788000 -1 38300000 -1 49377000 -1 -2
9435000 -1 9504000 -1 10566000 -1 11628000 -1 15161000 -1 18841000 -1 31312000 -1 -2
9403000 -1 9469000 -1 10121800 -1 10774600 -1 11427400 -1 21141400 -1 32274400 -1 -2
10621000 -1 10720000 -1 24370000 -1 35121000 -1 35445000 -1 45904000 -1 57984000 -1 -2
1578000 -1 1619000 -1 1895000 -1 13858000 -1 14576000 -1 15674000 -1 20098000 -1 -2
2072000 -1 2340000 -1 8752000 -1 8928000 -1 10374000 -1 13510000 -1 25646000 -1 -2
11903000 -1 12157000 -1 23215000 -1 31076000 -1 33332000 -1 35695000 -1 45269000 -1 -2
1359000 -1 6059000 -1 6277000 -1 6352000 -1 20213000 -1 21126000 -1 30354000 -1 -2
10553000 -1 12645000 -1 23582000 -1 23759000 -1 29916000 -1 41992000 -1 49125000 -1 -2
12009000 -1 12143000 -1 21120000 -1 22084000 -1 25911000 -1 33410000 -1 45818000 -1 -2
11036000 -1 11043000 -1 14535000 -1 16343000 -1 24113000 -1 28699000 -1 35774000 -1 -2
7316000 -1 7490000 -1 7568000 -1 7646000 -1 7724000 -1 21863000 -1 34636000 -1 -2
14050000 -1 28427000 -1 39634000 -1 39881000 -1 52396000 -1 59162000 -1 65336000 -1 -2
7815000 -1 7931000 -1 8511799 -1 9092598 -1 9673397 -1 16890397 -1 22622397 -1 -2
5192000 -1 13972000 -1 14046000 -1 20733000 -1 33139000 -1 46698000 -1 59361000 -1 -2
12745000 -1 12924000 -1 13185000 -1 13446000 -1 16966000 -1 23978000 -1 28793000 -1 -2
5361000 -1 5648000 -1 5722400 -1 5796800 -1 5871200 -1 8885200 -1 19057200 -1 -2
8353000 -1 8399000 -1 15842000 -1 17677000 -1 27006000 -1 38022000 -1 43113000 -1 -2
350000 -1 4931000 -1 5074000 -1 5177000 -1 10978000 -1 13536000 -1 25890000 -1 -2
12239000 -1 21199000 -1 24089000 -1 24197000 -1 25423000 -1 36448000 -1 39072000 -1 -2
1099000 -1 5504000 -1 19025000 -1 19125000 -1 32388000 -1 40857000 -1 42934000 -1 -2
14187000 -1 28541000 -1 28542000 -1 28887600 -1 41143600 -1 49151600 -1 56562600 -1 -2
5281000 -1 16596000 -1 28865000 -1 28939000 -1 33601000 -1 37711000 -1 50034000 -1 -2
7860000 -1 8728000 -1 8935000 -1 10699000 -1 17766000 -1 25653000 -1 26128000 -1 -2
1144000 -1 1263000 -1 11222000 -1 19576000 -1 26255000 -1 38965000 -1 52654000 -1 -2
7634000 -1 7736000 -1 19735000 -1 22184000 -1 35667000 -1 41248000 -1 45577000 -1 -2
3014000 -1 3252000 -1 10063000 -1 17838000 -1 26702000 -1 40780000 -1 54234000 -1 -2
11666000 -1 11677000 -1 20200000 -1 30388000 -1 32645000 -1 39889000 -1 54238000 -1 -2
7911000 -1 8038000 -1 9074800 -1 10111600 -1 10476600 -1 20285600 -1 28866600 -1 -2
8107000 -1 8142000 -1 10492000 -1 21302000 -1 25422000 -1 38479000 -1 39589000 -1 -2
11851000 -1 14319000 -1 14587000 -1 16397800 -1 26783800 -1 32821800 -1 33417800 -1 -2
7850000 -1 7891000 -1 8061399 -1 8231798 -1 8402197 -1 18665197 -1 26304197 -1 -2
11421000 -1 11462000 -1 20412000 -1 34437000 -1 44036000 -1 52434000 -1 65417000 -1 -2
5910000 -1 17245000 -1 17309000 -1 25186000 -1 25359000 -1 29985000 -1 29989000 -1 -2
7365000 -1 7373000 -1 7503800 -1 7634600 -1 7765400 -1 18396400 -1 25961400 -1 -2
2267000 -1 2278000 -1 2974000 -1 3670000 -1 4366000 -1 9249000 -1 18517000 -1 -2
8466000 -1 14457000 -1 14633000 -1 15457400 -1 16281800 -1 21599800 -1 22265800 -1 -2
1427000 -1 12607000 -1 12652000 -1 12801400 -1 12950800 -1 22439800 -1 36259800 -1 -2
956000 -1 6038000 -1 11674000 -1 11719000 -1 25164000 -1 26244000 -1 31055000 -1 -2
6873000 -1 6922000 -1 7045599 -1 7169198 -1 7292797 -1 17242797 -1 22790797 -1 -2
11735000 -1 11878000 -1 14698000 -1 25283000 -1 37809000 -1 51235000 -1 64841000 -1 -2
12577000 -1 12607000 -1 13129000 -1 13651000 -1 14173000 -1 17240000 -1 22065000 -1 -2
10881000 -1 12867000 -1 13015000 -1 14587000 -1 21915000 -1 35618000 -1 36889000 -1 -2
9297000 -1 9447000 -1 9989400 -1 10531800 -1 11074200 -1 14759200 -1 16045200 -1 -2
6177000 -1 6210000 -1 18726000 -1 23542000 -1 32811000 -1 33070000 -1 47351000 -1 -2
5101000 -1 7113000 -1 7281000 -1 7412400 -1 7543800 -1 17408800 -1 21563800 -1 -2
5263000 -1 5386000 -1 10755000 -1 22400000 -1 34575000 -1 46553000 -1 52445000 -1 -2
3922000 -1 4063000 -1 4124200 -1 4185400 -1 4246600 -1 15905600 -1 22160600 -1 -2
6427000 -1 20281000 -1 20338000 -1 30788000 -1 33944000 -1 47660000 -1 51371000 -1 -2
3939000 -1 3954000 -1 15156000 -1 29464000 -1 34627000 -1 46828000 -1 54526000 -1 -2
2328000 -1 2618000 -1 3251600 -1 3885200 -1 4518800 -1 12366800 -1 26244800 -1 -2
13221000 -1 13394000 -1 19801000 -1 31396000 -1 37285000 -1 39403000 -1 48418000 -1 -2
9800000 -1 9828000 -1 10372800 -1 10917600 -1 11462400 -1 11591400 -1 24081400 -1 -2
10523000 -1 13916000 -1 14156000 -1 14309000 -1 14462000 -1 16675000 -1 19666000 -1 -2
7369000 -1 17635000 -1 17931000 -1 19381800 -1 28844800 -1 41111800 -1 47956800 -1 -2
13469000 -1 13558000 -1 14508400 -1 15458800 -1 29170800 -1 40623800 -1 43380800 -1 -2
13728000 -1 17275000 -1 17476000 -1 31737000 -1 31903000 -1 46079000 -1 52474000 -1 -2
11832000 -1 11937000 -1 24858000 -1 37480000 -1 38932000 -1 39554000 -1 51942000 -1 -2
2379000 -1 13886000 -1 17904000 -1 18078000 -1 29935000 -1 39588000 -1 52114000 -1 -2
1900000 -1 2185000 -1 13143000 -1 13550000 -1 15262000 -1 28792000 -1 39829000 -1 -2
7785000 -1 17049000 -1 17164000 -1 22376000 -1 22611000 -1 32774000 -1 35595000 -1 -2
2335000 -1 8485000 -1 8604000 -1 18265000 -1 18491000 -1 26540000 -1 36689000 -1 -2
11822000 -1 12085000 -1 24894000 -1 32176000 -1 41889000 -1 52393000 -1 64632000 -1 -2
4388000 -1 5480000 -1 5727000 -1 8547000 -1 10369000 -1 11604000 -1 21306000 -1 -2
9877000 -1 9946000 -1 11859000 -1 17932000 -1 22364000 -1 23260000 -1 27351000 -1 -2
10323000 -1 10442000 -1 10688000 -1 12567200 -1 14051200 -1 26662200 -1 40118200 -1 -2
11616000 -1 17272000 -1 17403000 -1 23152000 -1 37251000 -1 44044000 -1 53168000 -1 -2
6261000 -1 6353000 -1 16461000 -1 26974000 -1 35225000 -1 46162000 -1 50477000 -1 -2
2656000 -1 2819000 -1 9632000 -1 22843000 -1 36066000 -1 48927000 -1 61476000 -1 -2
4137000 -1 4377000 -1 4957799 -1 5538598 -1 6119397 -1 6521397 -1 20135397 -1 -2
7203000 -1 16528000 -1 16794000 -1 17160000 -1 26690000 -1 34165000 -1 42150000 -1 -2
43000 -1 3080000 -1 3151000 -1 3413800 -1 16127800 -1 25378800 -1 27539800 -1 -2
3803000 -1 16604000 -1 16884000 -1 17168000 -1 24777000 -1 25756000 -1 37404000 -1 -2
3602000 -1 3886000 -1 6842000 -1 14561000 -1 17581000 -1 19026000 -1 32572000 -1 -2
515000 -1 531000 -1 623000 -1 4564000 -1 15716000 -1 22051000 -1 24082000 -1 -2
14319000 -1 14470000 -1 15012400 -1 15554800 -1 16097200 -1 26291200 -1 35819200 -1 -2
3426000 -1 5809000 -1 5861000 -1 6003200 -1 6145400 -1 9687400 -1 23164400 -1 -2
3293000 -1 12895000 -1 16258000 -1 26899000 -1 27166000 -1 33004000 -1 38743000 -1 -2
1127000 -1 1302000 -1 2362200 -1 3422400 -1 5977400 -1 18058400 -1 25183400 -1 -2
2985000 -1 15060000 -1 15338000 -1 15433399 -1 15528798 -1 23629798 -1 29659798 -1 -2
3787000 -1 3942000 -1 6131000 -1 7456000 -1 14969000 -1 20074000 -1 22072000 -1 -2
13098000 -1 13194000 -1 17054000 -1 29865000 -1 36274000 -1 45722000 -1 52485000 -1 -2
2809000 -1 3029000 -1 13201000 -1 22000000 -1 35279000 -1 47920000 -1 58495000 -1 -2
1329000 -1 1595000 -1 1800000 -1 2019600 -1 6661600 -1 20397600 -1 20407600 -1 -2
3936000 -1 13742000 -1 26538000 -1 26694000 -1 40197000 -1 50168000 -1 52263000 -1 -2
10199000 -1 10428000 -1 19299000 -1 19508000 -1 23492000 -1 33688000 -1 35701000 -1 -2
3643000 -1 12456000 -1 25296000 -1 25332000 -1 31083000 -1 35475000 -1 41234000 -1 -2
6186000 -1 15910000 -1 16153000 -1 20100000 -1 27017000 -1 40438000 -1 46016000 -1 -2
9384000 -1 20246000 -1 20477000 -1 34299000 -1 40082000 -1 47790000 -1 51360000 -1 -2
13481000 -1 13574000 -1 15424000 -1 26215000 -1 31450000 -1 45579000 -1 49972000 -1 -2
5363000 -1 5378000 -1 14479000 -1 18892000 -1 30919000 -1 44092000 -1 49600000 -1 -2
9660000 -1 9877000 -1 10193000 -1 18344000 -1 25163000 -1 28437000 -1 41011000 -1 -2
13229000 -1 13652000 -1 23005000 -1 23121000 -1 30626000 -1 34414000 -1 36846000 -1 -2
8153000 -1 16950000 -1 19775000 -1 19895000 -1 26311000 -1 31257000 -1 37417000 -1 -2
1138000 -1 11429000 -1 21868000 -1 32127000 -1 32145000 -1 34904000 -1 42680000 -1 -2
5935000 -1 5962000 -1 8513000 -1 9936000 -1 19150000 -1 25723000 -1 38516000 -1 -2
5901000 -1 6078000 -1 6730800 -1 7383600 -1 8036400 -1 21875400 -1 36114400 -1 -2
13763000 -1 13820000 -1 14574000 -1 18071000 -1 29070000 -1 39983000 -1 53706000 -1 -2
13904000 -1 26525000 -1 26700000 -1 31594000 -1 43427000 -1 50996000 -1 62883000 -1 -2
4737000 -1 6545000 -1 6739000 -1 13151000 -1 17495000 -1 20068000 -1 29220000 -1 -2
2820000 -1 3359000 -1 3446000 -1 14911000 -1 18022000 -1 24287000 -1 24425000 -1 -2
1870000 -1 2539000 -1 5090000 -1 5154000 -1 12708000 -1 16715000 -1 20731000 -1 -2
8778000 -1 9775000 -1 9995000 -1 11499800 -1 12897800 -1 20786800 -1 34382800 -1 -2
1857000 -1 1962000 -1 2219399 -1 2476798 -1 6347798 -1 13882798 -1 25549798 -1 -2
8763000 -1 8795000 -1 21146000 -1 31656000 -1 40116000 -1 53304000 -1 57119000 -1 -2
9875000 -1 9913000 -1 10288000 -1 17167000 -1 30598000 -1 41518000 -1 49549000 -1 -2
2019000 -1 15543000 -1 15704000 -1 21117000 -1 29617000 -1 34750000 -1 37384000 -1 -2
10208000 -1 10312000 -1 10380400 -1 10448800 -1 10517200 -1 19809200 -1 31727200 -1 -2
4937000 -1 5227000 -1 5350599 -1 5474198 -1 5597797 -1 13695797 -1 14670797 -1 -2
2084000 -1 4397000 -1 4441000 -1 13194000 -1 13455000 -1 18818000 -1 28293000 -1 -2
7831000 -1 14873000 -1 15156000 -1 15220000 -1 18692000 -1 22753000 -1 35921000 -1 -2
12034000 -1 24724000 -1 24933000 -1 33147000 -1 42899000 -1 48308000 -1 52526000 -1 -2
10219000 -1 10247000 -1 10719000 -1 19789000 -1 23383000 -1 32439000 -1 36725000 -1 -2
7007000 -1 10937000 -1 16627000 -1 16853000 -1 21577000 -1 28207000 -1 31779000 -1 -2
5452000 -1 5709000 -1 16791000 -1 29541000 -1 34744000 -1 47200000 -1 58382000 -1 -2
3329000 -1 17556000 -1 17747000 -1 18026000 -1 23509000 -1 33140000 -1 46026000 -1 -2
4582000 -1 4715000 -1 4857000 -1 18967000 -1 32640000 -1 45729000 -1 56954000 -1 -2
12730000 -1 12826000 -1 27052000 -1 41262000 -1 52331000 -1 64469000 -1 77008000 -1 -2
9761000 -1 9958000 -1 10478800 -1 10999600 -1 11520400 -1 14199400 -1 18553400 -1 -2
3341000 -1 3474000 -1 16248000 -1 28351000 -1 29110000 -1 40296000 -1 53352000 -1 -2
4380000 -1 15849000 -1 16029000 -1 16051000 -1 21593000 -1 30805000 -1 35920000 -1 -2
7239000 -1 7492000 -1 19239000 -1 22891000 -1 26359000 -1 39592000 -1 45064000 -1 -2
9034000 -1 9221000 -1 9297800 -1 9374600 -1 9451400 -1 10606400 -1 20770400 -1 -2
7748000 -1 18870000 -1 19403000 -1 33661000 -1 33952000 -1 38871000 -1 48045000 -1 -2
10805000 -1 17188000 -1 17276000 -1 17318000 -1 20808000 -1 23674000 -1 24122000 -1 -2
12339000 -1 19398000 -1 19603000 -1 25429000 -1 25627000 -1 32859000 -1 40252000 -1 -2
11221000 -1 11434000 -1 11946400 -1 12458800 -1 12971200 -1 20698200 -1 25040200 -1 -2
852000 -1 12161000 -1 13747000 -1 26904000 -1 26911000 -1 41027000 -1 54144000 -1 -2
5774000 -1 11468000 -1 11593000 -1 13213000 -1 27296000 -1 38580000 -1 50877000 -1 -2
4218000 -1 5640000 -1 5870000 -1 6842000 -1 7814000 -1 10136000 -1 18823000 -1 -2
2640000 -1 2758000 -1 3313600 -1 3869200 -1 4424800 -1 17187800 -1 28299800 -1 -2
5277000 -1 5477000 -1 7508000 -1 16133000 -1 28340000 -1 32187000 -1 46296000 -1 -2
11888000 -1 11970000 -1 18625000 -1 31764000 -1 32624000 -1 43250000 -1 46770000 -1 -2
745000 -1 934000 -1 1008400 -1 1082800 -1 1157200 -1 8214200 -1 17530200 -1 -2
6814000 -1 10889000 -1 10976000 -1 11300000 -1 17998000 -1 24513000 -1 34658000 -1 -2
9382000 -1 22362000 -1 22522000 -1 34660000 -1 39752000 -1 50988000 -1 64993000 -1 -2
13480000 -1 13663000 -1 14317000 -1 14971000 -1 15625000 -1 25429000 -1 39583000 -1 -2
13259000 -1 13406000 -1 14039600 -1 14673200 -1 15306800 -1 27646800 -1 41947800 -1 -2
9891000 -1 9916000 -1 9998800 -1 10081600 -1 10164400 -1 17916400 -1 21608400 -1 -2
13797000 -1 14084000 -1 14667200 -1 15250400 -1 15833600 -1 18895600 -1 24468600 -1 -2
220000 -1 14068000 -1 14074000 -1 14119000 -1 15765000 -1 19595000 -1 20454000 -1 -2
10020000 -1 20885000 -1 33820000 -1 47467000 -1 47733000 -1 61386000 -1 68359000 -1 -2
115000 -1 213000 -1 784200 -1 1355400 -1 1926600 -1 6262600 -1 6330600 -1 -2
3820000 -1 3995000 -1 4499000 -1 5003000 -1 5507000 -1 19033000 -1 33233000 -1 -2
7843000 -1 8129000 -1 10716000 -1 20046000 -1 23074000 -1 29033000 -1 30627000 -1 -2
7357000 -1 7629000 -1 8176200 -1 8723400 -1 9270600 -1 22896600 -1 26600600 -1 -2
90000 -1 10136000 -1 10307000 -1 23101000 -1 23288000 -1 26262000 -1 27077000 -1 -2
4493000 -1 4698000 -1 14797000 -1 21608000 -1 33873000 -1 43373000 -1 49770000 -1 -2
13728000 -1 23836000 -1 24057000 -1 24221000 -1 24370000 -1 30890000 -1 33856000 -1 -2
12348000 -1 18604000 -1 18849000 -1 19088000 -1 29690000 -1 31698000 -1 42204000 -1 -2
1750000 -1 10885000 -1 11069000 -1 22161000 -1 22229000 -1 34091000 -1 34533000 -1 -2
3864000 -1 3964000 -1 4144000 -1 4324000 -1 13783000 -1 27662000 -1 32221000 -1 -2
13677000 -1 27186000 -1 27412000 -1 39146000 -1 47943000 -1 57237000 -1 65375000 -1 -2
4409000 -1 16422000 -1 16507000 -1 27948000 -1 40793000 -1 55095000 -1 68985000 -1 -2
2017000 -1 2214000 -1 8619000 -1 15555000 -1 19471000 -1 32910000 -1 44731000 -1 -2
7788000 -1 13957000 -1 14123000 -1 25724000 -1 25778000 -1 26127000 -1 30617000 -1 -2
11988000 -1 12213000 -1 16509000 -1 16786000 -1 29679000 -1 39183000 -1 49692000 -1 -2
11972000 -1 21357000 -1 21555000 -1 22044600 -1 22615600 -1 23820600 -1 23831600 -1 -2
14193000 -1 14386000 -1 21019000 -1 31042000 -1 44054000 -1 45454000 -1 52077000 -1 -2
1366000 -1 12880000 -1 13147000 -1 14795800 -1 16416800 -1 30687800 -1 42757800 -1 -2
13794000 -1 14375000 -1 21285000 -1 21542000 -1 27056000 -1 27547000 -1 36544000 -1 -2
5696000 -1 15822000 -1 24196000 -1 24249000 -1 30415000 -1 41082000 -1 51081000 -1 -2
4717000 -1 18989000 -1 19230000 -1 30685000 -1 30755000 -1 41213000 -1 55592000 -1 -2
10080000 -1 10177000 -1 10357000 -1 10537000 -1 15440000 -1 28510000 -1 35768000 -1 -2
7807000 -1 8071000 -1 14580000 -1 15697000 -1 20233000 -1 24510000 -1 30510000 -1 -2
9216000 -1 9367000 -1 21371000 -1 23637000 -1 29190000 -1 39747000 -1 47416000 -1 -2
11010000 -1 21086000 -1 21147000 -1 33845000 -1 43495000 -1 43930000 -1 45425000 -1 -2
5394000 -1 15556000 -1 15562000 -1 22138000 -1 32737000 -1 34488000 -1 38877000 -1 -2
8757000 -1 17155000 -1 28803000 -1 31330000 -1 31493000 -1 40115000 -1 43008000 -1 -2
8056000 -1 14227000 -1 16044000 -1 24215000 -1 24270000 -1 25139000 -1 33095000 -1 -2
5804000 -1 5962000 -1 6261000 -1 15579000 -1 25668000 -1 37692000 -1 40527000 -1 -2
8007000 -1 15052000 -1 15133000 -1 28526000 -1 34521000 -1 41930000 -1 47804000 -1 -2
11369000 -1 11475000 -1 11538599 -1 11602198 -1 11665797 -1 12070797 -1 23361797 -1 -2
164000 -1 228000 -1 7573000 -1 12293000 -1 26304000 -1 37588000 -1 45608000 -1 -2
3854000 -1 4789000 -1 4809000 -1 5860200 -1 6911400 -1 17534400 -1 18853400 -1 -2
8993000 -1 20407000 -1 20702000 -1 34189000 -1 34231000 -1 40255000 -1 46903000 -1 -2
564000 -1 8627000 -1 8665000 -1 14563000 -1 14945000 -1 27721000 -1 36101000 -1 -2
2052000 -1 2214000 -1 3218400 -1 4222800 -1 16452800 -1 24745800 -1 30720800 -1 -2
9579000 -1 9792000 -1 10687000 -1 11288000 -1 21575000 -1 32257000 -1 35434000 -1 -2
5023000 -1 14716000 -1 14872000 -1 25231000 -1 31393000 -1 40077000 -1 40645000 -1 -2
9448000 -1 20883000 -1 26840000 -1 26900000 -1 26949000 -1 31013000 -1 34122000 -1 -2
481000 -1 11232000 -1 13930000 -1 27281000 -1 27312000 -1 38908000 -1 44235000 -1 -2
14206000 -1 14227000 -1 14903799 -1 15580598 -1 16257397 -1 24035397 -1 32002397 -1 -2
11041000 -1 11222000 -1 11312000 -1 11402000 -1 11492000 -1 14649000 -1 16504000 -1 -2
13463000 -1 14831000 -1 15071000 -1 27856000 -1 33231000 -1 38071000 -1 47568000 -1 -2
1944000 -1 13296000 -1 14673000 -1 14883000 -1 26475000 -1 37425000 -1 40354000 -1 -2
9844000 -1 14728000 -1 14849000 -1 17655000 -1 17735000 -1 28688000 -1 38430000 -1 -2
2543000 -1 12037000 -1 12207000 -1 14079000 -1 27079000 -1 33749000 -1 38261000 -1 -2
7618000 -1 11604000 -1 11806000 -1 12664599 -1 13523198 -1 27423198 -1 36840198 -1 -2
13876000 -1 14037000 -1 14643000 -1 15249000 -1 15855000 -1 15875000 -1 29421000 -1 -2
9767000 -1 10004000 -1 12385000 -1 13131000 -1 21431000 -1 21593000 -1 34542000 -1 -2
1866000 -1 2024000 -1 2663600 -1 3303200 -1 3942800 -1 10576800 -1 20682800 -1 -2
9006000 -1 9040000 -1 9190000 -1 9340000 -1 9490000 -1 13401000 -1 22705000 -1 -2
4014000 -1 4139000 -1 11666000 -1 11670000 -1 25216000 -1 30292000 -1 41352000 -1 -2
605000 -1 617000 -1 1195400 -1 1773800 -1 2352200 -1 8485200 -1 17715200 -1 -2
14024000 -1 14120000 -1 14247799 -1 14375598 -1 22621598 -1 23594598 -1 30947598 -1 -2
1717000 -1 1972000 -1 12021000 -1 12614000 -1 17969000 -1 28657000 -1 34290000 -1 -2
2679000 -1 2841000 -1 2971800 -1 3102600 -1 3233400 -1 16231400 -1 17570400 -1 -2
960000 -1 962000 -1 1236000 -1 2152000 -1 2556000 -1 12738000 -1 13429000 -1 -2
3454000 -1 3711000 -1 4742399 -1 5773798 -1 19754798 -1 23083798 -1 31090798 -1 -2
4252000 -1 4511000 -1 17527000 -1 19408000 -1 20690000 -1 24519000 -1 26335000 -1 -2
3227000 -1 3492000 -1 4438800 -1 5385600 -1 17779600 -1 30227600 -1 31803600 -1 -2
13421000 -1 13591000 -1 14221000 -1 14851000 -1 15481000 -1 28964000 -1 42720000 -1 -2
2304000 -1 8445000 -1 8566000 -1 8678000 -1 19478000 -1 20619000 -1 30993000 -1 -2
2294000 -1 4341000 -1 4350000 -1 4420000 -1 7256000 -1 17126000 -1 21434000 -1 -2
51000 -1 269000 -1 8806000 -1 9591000 -1 10980000 -1 21361000 -1 24664000 -1 -2
11105000 -1 11237000 -1 11897000 -1 12557000 -1 13217000 -1 14810000 -1 24352000 -1 -2
13193000 -1 13225000 -1 13343800 -1 13462600 -1 13581400 -1 16158400 -1 16839400 -1 -2
10421000 -1 10524000 -1 11053000 -1 22752000 -1 22853000 -1 28872000 -1 36978000 -1 -2
3790000 -1 3894000 -1 16594000 -1 17096000 -1 22384000 -1 28160000 -1 37097000 -1 -2
2878000 -1 3017000 -1 3131000 -1 3245000 -1 3359000 -1 7402000 -1 16758000 -1 -2
10808000 -1 10868000 -1 10928000 -1 10988000 -1 11048000 -1 19833000 -1 23858000 -1 -2
8553000 -1 20668000 -1 20740000 -1 31019000 -1 35030000 -1 45893000 -1 51211000 -1 -2
4205000 -1 18242000 -1 25561000 -1 38501000 -1 38574000 -1 43186000 -1 53336000 -1 -2
1514000 -1 1676000 -1 2231600 -1 2787200 -1 3342800 -1 9163800 -1 10191800 -1 -2
1248000 -1 5639000 -1 5729000 -1 17078000 -1 26322000 -1 38507000 -1 47933000 -1 -2
5220000 -1 11944000 -1 12673000 -1 23253000 -1 23365000 -1 24618000 -1 27583000 -1 -2
2091000 -1 4236000 -1 4300000 -1 11615000 -1 15053000 -1 19391000 -1 31861000 -1 -2
8002000 -1 19716000 -1 19974000 -1 20933400 -1 21892800 -1 35742800 -1 50051800 -1 -2
4944000 -1 5151000 -1 19007000 -1 26965000 -1 35626000 -1 41819000 -1 50087000 -1 -2
13407000 -1 13576000 -1 15332000 -1 21819000 -1 26662000 -1 32633000 -1 36446000 -1 -2
12674000 -1 20796000 -1 29044000 -1 29153000 -1 32588000 -1 35321000 -1 42885000 -1 -2
6889000 -1 14764000 -1 15047000 -1 19289000 -1 19576000 -1 20104000 -1 28835000 -1 -2
1666000 -1 8694000 -1 8939000 -1 9785000 -1 10631000 -1 11385000 -1 14600000 -1 -2
403000 -1 7002000 -1 7271000 -1 11066000 -1 11113000 -1 20011000 -1 22343000 -1 -2
12269000 -1 21593000 -1 21636000 -1 35332000 -1 45593000 -1 55345000 -1 67625000 -1 -2
6950000 -1 7099000 -1 7754200 -1 8409400 -1 9064600 -1 14772600 -1 17793600 -1 -2
11875000 -1 17531000 -1 18386000 -1 28928000 -1 29159000 -1 31136000 -1 41625000 -1 -2
11224000 -1 19861000 -1 19953000 -1 21631000 -1 23785000 -1 25348000 -1 35711000 -1 -2
9970000 -1 10103000 -1 16560000 -1 17334000 -1 28617000 -1 30892000 -1 39774000 -1 -2
1587000 -1 1642000 -1 7071000 -1 17642000 -1 19608000 -1 22095000 -1 26361000 -1 -2
2914000 -1 2961000 -1 3567000 -1 4173000 -1 4779000 -1 18029000 -1 24155000 -1 -2
5008000 -1 5295000 -1 5937000 -1 6579000 -1 7221000 -1 18947000 -1 27873000 -1 -2
2165000 -1 7743000 -1 7793000 -1 17124000 -1 19513000 -1 26780000 -1 29736000 -1 -2
9934000 -1 10055000 -1 10177400 -1 10299800 -1 10422200 -1 12977200 -1 16378200 -1 -2
6445000 -1 6691000 -1 19991000 -1 26412000 -1 29735000 -1 39568000 -1 52922000 -1 -2
1710000 -1 9875000 -1 9960000 -1 12615000 -1 24396000 -1 28528000 -1 28852000 -1 -2
3320000 -1 3367000 -1 8239000 -1 14015000 -1 19692000 -1 21315000 -1 28586000 -1 -2
6622000 -1 18640000 -1 18898000 -1 29379000 -1 37218000 -1 50954000 -1 51486000 -1 -2
8631000 -1 8783000 -1 17944000 -1 19699000 -1 21837000 -1 36196000 -1 40648000 -1 -2
4304000 -1 15573000 -1 15827000 -1 16302200 -1 17378200 -1 20780200 -1 27454200 -1 -2
10839000 -1 10918000 -1 13478000 -1 22371000 -1 30938000 -1 38414000 -1 42858000 -1 -2
8076000 -1 10634000 -1 11938000 -1 12003000 -1 16226000 -1 24306000 -1 25469000 -1 -2
10647000 -1 10734000 -1 14848000 -1 16346000 -1 21846000 -1 31904000 -1 45874000 -1 -2
13464000 -1 19349000 -1 19628000 -1 19815000 -1 26776000 -1 27615000 -1 29477000 -1 -2
11879000 -1 13688000 -1 13792000 -1 14557000 -1 15322000 -1 27893000 -1 34384000 -1 -2
9185000 -1 9242000 -1 17553000 -1 27412000 -1 39061000 -1 51538000 -1 65375000 -1 -2
10409000 -1 20957000 -1 20991000 -1 21063000 -1 30873000 -1 31406000 -1 37793000 -1 -2
7356000 -1 20500000 -1 20648000 -1 22750400 -1 30076400 -1 38592400 -1 45540400 -1 -2
5555000 -1 11631000 -1 15766000 -1 18724000 -1 18952000 -1 31566000 -1 32934000 -1 -2
11564000 -1 23423000 -1 23468000 -1 23703000 -1 32793000 -1 40612000 -1 50666000 -1 -2
3879000 -1 3883000 -1 15136000 -1 26113000 -1 39590000 -1 48404000 -1 60154000 -1 -2
6184000 -1 6234000 -1 7243800 -1 8253600 -1 13582600 -1 22817600 -1 28562600 -1 -2
6554000 -1 10720000 -1 10957000 -1 20699000 -1 28717000 -1 33278000 -1 37510000 -1 -2
13330000 -1 15693000 -1 15989000 -1 16246399 -1 16503798 -1 23272798 -1 26243798 -1 -2
4802000 -1 4807000 -1 4882600 -1 4958200 -1 5033800 -1 7495800 -1 10400800 -1 -2
9876000 -1 20595000 -1 20740000 -1 22450000 -1 26818000 -1 28972000 -1 30957000 -1 -2
12395000 -1 12396000 -1 12475200 -1 12554400 -1 12633600 -1 18745600 -1 19431600 -1 -2
8642000 -1 8817000 -1 9799800 -1 10782600 -1 16154600 -1 23978600 -1 30490600 -1 -2
218000 -1 446000 -1 615200 -1 784400 -1 8641400 -1 14790400 -1 20428400 -1 -2
5773000 -1 13187000 -1 25341000 -1 25572000 -1 25775000 -1 33099000 -1 37746000 -1 -2
6372000 -1 6511000 -1 16842000 -1 24342000 -1 26827000 -1 31645000 -1 39408000 -1 -2
3324000 -1 3567000 -1 4150200 -1 4733400 -1 5316600 -1 16961600 -1 18822600 -1 -2
2017000 -1 15427000 -1 15701000 -1 27126000 -1 35898000 -1 45496000 -1 58253000 -1 -2
926000 -1 10802000 -1 11035000 -1 20056000 -1 25904000 -1 34966000 -1 43922000 -1 -2
3367000 -1 9757000 -1 9907000 -1 14189000 -1 27399000 -1 39721000 -1 40075000 -1 -2
6955000 -1 7196000 -1 8184200 -1 9172400 -1 13722400 -1 22836400 -1 30813400 -1 -2
1649000 -1 13840000 -1 18424000 -1 32268000 -1 32542000 -1 41484000 -1 50899000 -1 -2
2539000 -1 2571000 -1 2835599 -1 3100198 -1 8795198 -1 19823198 -1 25633198 -1 -2
11614000 -1 15207000 -1 15425000 -1 16955000 -1 22870000 -1 33475000 -1 37457000 -1 -2
4287000 -1 6622000 -1 6740000 -1 8842400 -1 15692400 -1 22975400 -1 31370400 -1 -2
8367000 -1 8404000 -1 16832000 -1 21003000 -1 26033000 -1 33158000 -1 44117000 -1 -2
2159000 -1 5931000 -1 5997000 -1 18051000 -1 25887000 -1 37632000 -1 40813000 -1 -2
10380000 -1 20572000 -1 25344000 -1 34686000 -1 34878000 -1 49002000 -1 60066000 -1 -2
2360000 -1 2653000 -1 3200200 -1 3747400 -1 4294600 -1 11231600 -1 20475600 -1 -2
381000 -1 4494000 -1 4760000 -1 6869600 -1 10738600 -1 14356600 -1 18262600 -1 -2
13225000 -1 13413000 -1 23546000 -1 29059000 -1 34491000 -1 39862000 -1 54179000 -1 -2
6388000 -1 6521000 -1 14375000 -1 15476000 -1 25672000 -1 26841000 -1 35715000 -1 -2
9377000 -1 16021000 -1 16060000 -1 16167000 -1 26864000 -1 36490000 -1 46960000 -1 -2
9589000 -1 9772000 -1 14501000 -1 19380000 -1 28288000 -1 37899000 -1 38184000 -1 -2
4003000 -1 15198000 -1 15255000 -1 21424000 -1 31664000 -1 35111000 -1 45331000 -1 -2
5264000 -1 5528000 -1 14713000 -1 15522000 -1 20400000 -1 27997000 -1 30391000 -1 -2
14313000 -1 14372000 -1 17190000 -1 19187000 -1 21702000 -1 29439000 -1 43468000 -1 -2
2505000 -1 6016000 -1 6270000 -1 7771200 -1 11704200 -1 19183200 -1 22862200 -1 -2
1697000 -1 1969000 -1 3301000 -1 10542000 -1 14939000 -1 17710000 -1 31539000 -1 -2
7888000 -1 8086000 -1 10489000 -1 19944000 -1 34042000 -1 40591000 -1 42072000 -1 -2
7388000 -1 7435000 -1 8036200 -1 8637400 -1 9238600 -1 21453600 -1 32050600 -1 -2
7518000 -1 7702000 -1 15475000 -1 23287000 -1 24335000 -1 27175000 -1 39692000 -1 -2
12369000 -1 20029000 -1 26036000 -1 27956000 -1 28224000 -1 33746000 -1 36440000 -1 -2
12253000 -1 12452000 -1 13054400 -1 13656800 -1 14259200 -1 25711200 -1 26821200 -1 -2
736000 -1 13403000 -1 13435000 -1 15339400 -1 28744400 -1 42766400 -1 49874400 -1 -2
12344000 -1 26368000 -1 26625000 -1 38870000 -1 46186000 -1 47598000 -1 56180000 -1 -2
11292000 -1 11591000 -1 11756600 -1 11922200 -1 12087800 -1 19279800 -1 23166800 -1 -2
13754000 -1 13857000 -1 23354000 -1 28783000 -1 39797000 -1 54142000 -1 61675000 -1 -2
13173000 -1 22016000 -1 33396000 -1 33599000 -1 38547000 -1 41917000 -1 42039000 -1 -2
5395000 -1 5519000 -1 6182600 -1 6846200 -1 7509800 -1 15678800 -1 24213800 -1 -2
2158000 -1 2257000 -1 2894200 -1 3531400 -1 4168600 -1 5469600 -1 19629600 -1 -2
8317000 -1 8606000 -1 17322000 -1 20679000 -1 22765000 -1 26697000 -1 37684000 -1 -2
5129000 -1 11324000 -1 11353000 -1 12258400 -1 13163800 -1 14370800 -1 20858800 -1 -2
14276000 -1 14536000 -1 20814000 -1 23107000 -1 24301000 -1 37429000 -1 37717000 -1 -2
11938000 -1 17194000 -1 17392000 -1 19339600 -1 25012600 -1 32736600 -1 43583600 -1 -2
391000 -1 7397000 -1 20613000 -1 20881000 -1 25450000 -1 33695000 -1 47361000 -1 -2
7815000 -1 21037000 -1 25878000 -1 38659000 -1 38952000 -1 47855000 -1 50049000 -1 -2
9785000 -1 10029000 -1 21497000 -1 33339000 -1 45673000 -1 48564000 -1 55920000 -1 -2
9231000 -1 9244000 -1 16031000 -1 17310000 -1 19945000 -1 33665000 -1 37134000 -1 -2
13021000 -1 13100000 -1 13694000 -1 14288000 -1 14882000 -1 22974000 -1 29659000 -1 -2
3753000 -1 3970000 -1 4756600 -1 5543200 -1 11089200 -1 22630200 -1 23732200 -1 -2
5738000 -1 15356000 -1 15379000 -1 29093000 -1 30060000 -1 43917000 -1 43952000 -1 -2
9712000 -1 9982000 -1 10558000 -1 11134000 -1 11710000 -1 22336000 -1 22809000 -1 -2
13825000 -1 13869000 -1 13996199 -1 14123398 -1 14250597 -1 17407597 -1 23468597 -1 -2
3704000 -1 3733000 -1 4237000 -1 4741000 -1 5245000 -1 7875000 -1 16060000 -1 -2
9448000 -1 18892000 -1 19028000 -1 29404000 -1 29629000 -1 38835000 -1 50753000 -1 -2
12413000 -1 12515000 -1 26665000 -1 30654000 -1 35269000 -1 47730000 -1 55044000 -1 -2
5731000 -1 6027000 -1 16382000 -1 24839000 -1 32832000 -1 40741000 -1 52757000 -1 -2
5972000 -1 6157000 -1 7175000 -1 18392000 -1 31309000 -1 41222000 -1 47891000 -1 -2
3972000 -1 4233000 -1 11593000 -1 20836000 -1 21735000 -1 31918000 -1 35065000 -1 -2
6839000 -1 7021000 -1 7597000 -1 8173000 -1 8749000 -1 12274000 -1 20065000 -1 -2
1420000 -1 12119000 -1 19906000 -1 29426000 -1 29690000 -1 31275000 -1 36952000 -1 -2
9335000 -1 18624000 -1 20237000 -1 23762000 -1 23967000 -1 25955000 -1 29683000 -1 -2
9132000 -1 9229000 -1 9382000 -1 11290000 -1 13380000 -1 24578000 -1 33023000 -1 -2
5506000 -1 5511000 -1 6029000 -1 8044000 -1 16309000 -1 25620000 -1 27947000 -1 -2
11054000 -1 15568000 -1 27278000 -1 29047000 -1 29074000 -1 41634000 -1 44740000 -1 -2
13425000 -1 17271000 -1 23833000 -1 24056000 -1 25187000 -1 30067000 -1 43413000 -1 -2
9521000 -1 9583000 -1 21416000 -1 29699000 -1 35053000 -1 45192000 -1 53671000 -1 -2
5919000 -1 6251000 -1 6355000 -1 18676000 -1 18958000 -1 27524000 -1 37986000 -1 -2
11083000 -1 13404000 -1 18044000 -1 24925000 -1 24952000 -1 35537000 -1 36245000 -1 -2
12541000 -1 12567000 -1 12851000 -1 19102000 -1 19284000 -1 22254000 -1 34408000 -1 -2
8629000 -1 13262000 -1 13442000 -1 20012000 -1 20267000 -1 31411000 -1 38948000 -1 -2
5543000 -1 13578000 -1 15624000 -1 18193000 -1 18202000 -1 22263000 -1 22591000 -1 -2
11821000 -1 11945000 -1 12399000 -1 19300000 -1 33698000 -1 44673000 -1 58487000 -1 -2
4829000 -1 5116000 -1 5672800 -1 6229600 -1 6786400 -1 9299400 -1 14960400 -1 -2
3163000 -1 3875000 -1 7318000 -1 7367000 -1 21742000 -1 27305000 -1 40039000 -1 -2
13075000 -1 16676000 -1 16714000 -1 20452000 -1 20743000 -1 30105000 -1 36431000 -1 -2
14300000 -1 14386000 -1 15241000 -1 16096000 -1 24932000 -1 28668000 -1 40451000 -1 -2
12640000 -1 12789000 -1 13526000 -1 21474000 -1 34435000 -1 41574000 -1 43746000 -1 -2
5980000 -1 9146000 -1 9422000 -1 15580000 -1 15719000 -1 29130000 -1 35250000 -1 -2
2571000 -1 13096000 -1 13351000 -1 16605000 -1 20433000 -1 24061000 -1 32250000 -1 -2
8554000 -1 17245000 -1 17501000 -1 19211000 -1 27247000 -1 34045000 -1 39212000 -1 -2
11155000 -1 11253000 -1 15164000 -1 15406000 -1 24245000 -1 29859000 -1 31279000 -1 -2
2529000 -1 16745000 -1 17043000 -1 27347000 -1 29058000 -1 41956000 -1 47763000 -1 -2
129000 -1 344000 -1 9179000 -1 15038000 -1 26017000 -1 34947000 -1 39970000 -1 -2
8304000 -1 20775000 -1 24312000 -1 34887000 -1 35094000 -1 36885000 -1 41109000 -1 -2
888000 -1 8242000 -1 8344000 -1 9238000 -1 12233000 -1 25541000 -1 30962000 -1 -2
4885000 -1 10668000 -1 10681000 -1 10755000 -1 18196000 -1 23878000 -1 28337000 -1 -2
5815000 -1 9801000 -1 9825000 -1 10768200 -1 11711400 -1 21192400 -1 25811400 -1 -2
10507000 -1 24110000 -1 24227000 -1 38265000 -1 38461000 -1 49509000 -1 62578000 -1 -2
10453000 -1 10701000 -1 18442000 -1 19209000 -1 30628000 -1 38702000 -1 38930000 -1 -2
12781000 -1 13003000 -1 25482000 -1 37357000 -1 45571000 -1 52470000 -1 64834000 -1 -2
11311000 -1 16268000 -1 16375000 -1 16588000 -1 20547000 -1 32127000 -1 37331000 -1 -2
3091000 -1 11105000 -1 11136000 -1 13116000 -1 25525000 -1 36301000 -1 38214000 -1 -2
1680000 -1 7726000 -1 7766000 -1 7967000 -1 9609000 -1 19951000 -1 21911000 -1 -2
5176000 -1 18570000 -1 19630000 -1 32133000 -1 32245000 -1 40879000 -1 49986000 -1 -2
6939000 -1 15930000 -1 16061000 -1 25720000 -1 27493000 -1 27729000 -1 30967000 -1 -2
5525000 -1 5735000 -1 5834600 -1 5934200 -1 6033800 -1 20389800 -1 30484800 -1 -2
3038000 -1 10012000 -1 10116000 -1 21871000 -1 31550000 -1 33118000 -1 41266000 -1 -2
11364000 -1 11589000 -1 18804000 -1 29499000 -1 37355000 -1 49619000 -1 60646000 -1 -2
11886000 -1 20950000 -1 21014000 -1 32108000 -1 42224000 -1 47500000 -1 47819000 -1 -2
10957000 -1 11131000 -1 15933000 -1 21552000 -1 29271000 -1 43626000 -1 48389000 -1 -2
9741000 -1 9866000 -1 23913000 -1 38072000 -1 51061000 -1 59615000 -1 67063000 -1 -2
3391000 -1 3508000 -1 3584800 -1 3661600 -1 3738400 -1 13591400 -1 16957400 -1 -2
9020000 -1 9119000 -1 15537000 -1 25501000 -1 27788000 -1 36435000 -1 50507000 -1 -2
12598000 -1 12852000 -1 13649400 -1 14446800 -1 17252800 -1 30001800 -1 44339800 -1 -2
11186000 -1 11262000 -1 11373600 -1 11485200 -1 11596800 -1 24896800 -1 30409800 -1 -2
458000 -1 600000 -1 1449599 -1 2299198 -1 12872198 -1 26796198 -1 39222198 -1 -2
8657000 -1 12594000 -1 12863000 -1 14670000 -1 14760000 -1 19128000 -1 30988000 -1 -2
8944000 -1 12911000 -1 13128000 -1 22891000 -1 27371000 -1 39879000 -1 43161000 -1 -2
12124000 -1 12294000 -1 12790799 -1 13287598 -1 13784397 -1 22332397 -1 25445397 -1 -2
7757000 -1 11010000 -1 11239000 -1 20329000 -1 21822000 -1 35909000 -1 43581000 -1 -2
9491000 -1 9525000 -1 13887000 -1 17852000 -1 22770000 -1 24123000 -1 37557000 -1 -2
7569000 -1 20145000 -1 20582000 -1 27677000 -1 27940000 -1 31348000 -1 35947000 -1 -2
6650000 -1 6903000 -1 7449000 -1 13488000 -1 21929000 -1 36266000 -1 44093000 -1 -2
12633000 -1 12930000 -1 12996000 -1 13062000 -1 13128000 -1 20823000 -1 21731000 -1 -2
2139000 -1 2400000 -1 9639000 -1 15500000 -1 28211000 -1 35376000 -1 40414000 -1 -2
13972000 -1 14032000 -1 22384000 -1 36613000 -1 39611000 -1 42302000 -1 53163000 -1 -2
7296000 -1 12137000 -1 12221000 -1 14258600 -1 26876600 -1 31312600 -1 32561600 -1 -2
5855000 -1 8209000 -1 8362000 -1 8382000 -1 20749000 -1 23669000 -1 28645000 -1 -2
13516000 -1 13741000 -1 14422599 -1 15104198 -1 15785797 -1 24621797 -1 30064797 -1 -2
12925000 -1 25286000 -1 25456000 -1 26271400 -1 27086800 -1 33434800 -1 37992800 -1 -2
11211000 -1 11320000 -1 11825200 -1 12330400 -1 12835600 -1 19328600 -1 28101600 -1 -2
854000 -1 1059000 -1 1128600 -1 1198200 -1 1267800 -1 13835800 -1 22694800 -1 -2
70000 -1 10099000 -1 10107000 -1 20953000 -1 25517000 -1 28627000 -1 37131000 -1 -2
4678000 -1 4824000 -1 5011200 -1 5198400 -1 7579400 -1 14753400 -1 18071400 -1 -2
10649000 -1 10704000 -1 21979000 -1 35687000 -1 48101000 -1 48821000 -1 50804000 -1 -2
2197000 -1 9212000 -1 9348000 -1 21231000 -1 33591000 -1 41317000 -1 47925000 -1 -2
9825000 -1 9873000 -1 10426200 -1 10979400 -1 11532600 -1 19587600 -1 26451600 -1 -2
11751000 -1 11792000 -1 12308000 -1 12824000 -1 13340000 -1 14225000 -1 26833000 -1 -2
6267000 -1 10922000 -1 11058000 -1 13009200 -1 18542200 -1 25139200 -1 37289200 -1 -2
7015000 -1 7127000 -1 7261400 -1 7395800 -1 7530200 -1 17079200 -1 30304200 -1 -2
5699000 -1 5912000 -1 6851600 -1 7791200 -1 18249200 -1 19357200 -1 26368200 -1 -2
3815000 -1 5169000 -1 5253000 -1 7067400 -1 19973400 -1 34015400 -1 34115400 -1 -2
2678000 -1 3449000 -1 3574000 -1 4625200 -1 5676400 -1 8477400 -1 16996400 -1 -2
8214000 -1 8235000 -1 8368200 -1 8501400 -1 8634600 -1 11257600 -1 21679600 -1 -2
10268000 -1 10434000 -1 10566000 -1 10698000 -1 10830000 -1 20884000 -1 28504000 -1 -2
7372000 -1 7474000 -1 7578400 -1 7682800 -1 20778800 -1 21268800 -1 30362800 -1 -2
14198000 -1 14315000 -1 24181000 -1 32417000 -1 33805000 -1 38821000 -1 44456000 -1 -2
11775000 -1 11878000 -1 12751000 -1 13624000 -1 27558000 -1 41954000 -1 54892000 -1 -2
260000 -1 8830000 -1 8982000 -1 14336000 -1 22506000 -1 33038000 -1 46037000 -1 -2
10248000 -1 13025000 -1 13140000 -1 13345200 -1 13550400 -1 17036400 -1 29369400 -1 -2
3455000 -1 17595000 -1 17744000 -1 18555800 -1 19367600 -1 27551600 -1 33008600 -1 -2
10222000 -1 10417000 -1 12203000 -1 15492000 -1 28574000 -1 41447000 -1 54159000 -1 -2
11728000 -1 15875000 -1 16012000 -1 20167000 -1 25132000 -1 33985000 -1 46308000 -1 -2
8076000 -1 8180000 -1 22146000 -1 24406000 -1 35956000 -1 37613000 -1 39581000 -1 -2
6951000 -1 6996000 -1 7068000 -1 7140000 -1 7212000 -1 8426000 -1 13103000 -1 -2
7252000 -1 19983000 -1 19995000 -1 20096000 -1 31960000 -1 34765000 -1 47640000 -1 -2
648000 -1 14787000 -1 17549000 -1 17656000 -1 18561000 -1 19817000 -1 31813000 -1 -2
10138000 -1 10187000 -1 10249400 -1 10311800 -1 10374200 -1 18001200 -1 27781200 -1 -2
3605000 -1 3809000 -1 8137000 -1 20553000 -1 33001000 -1 33840000 -1 37615000 -1 -2
5533000 -1 17289000 -1 17407000 -1 18469000 -1 31690000 -1 38857000 -1 50594000 -1 -2
3353000 -1 17166000 -1 17355000 -1 17733000 -1 20781000 -1 22481000 -1 23701000 -1 -2
3666000 -1 3944000 -1 4583000 -1 10447000 -1 12630000 -1 22321000 -1 27364000 -1 -2
7969000 -1 9022000 -1 9284000 -1 9410000 -1 9616000 -1 16747000 -1 30597000 -1 -2
750000 -1 6162000 -1 6280000 -1 6321000 -1 19603000 -1 26055000 -1 38308000 -1 -2
9525000 -1 16667000 -1 16905000 -1 17632200 -1 18359400 -1 28811400 -1 37214400 -1 -2
12479000 -1 12727000 -1 13396600 -1 14066200 -1 14735800 -1 16740800 -1 20163800 -1 -2
3601000 -1 11342000 -1 11599000 -1 11703400 -1 11807800 -1 15709800 -1 15768800 -1 -2
7634000 -1 7660000 -1 7895800 -1 8131600 -1 9521600 -1 16517600 -1 23291600 -1 -2
2332000 -1 2424000 -1 2541000 -1 2658000 -1 3936000 -1 7098000 -1 20763000 -1 -2
10231000 -1 19846000 -1 20031000 -1 20091000 -1 25065000 -1 33692000 -1 38309000 -1 -2
10845000 -1 18317000 -1 18510000 -1 28545000 -1 36219000 -1 47356000 -1 50082000 -1 -2
13865000 -1 14142000 -1 15205800 -1 16269600 -1 22326600 -1 33539600 -1 43942600 -1 -2
459000 -1 650000 -1 1600400 -1 2550800 -1 13947800 -1 17894800 -1 19506800 -1 -2
9479000 -1 21871000 -1 21943000 -1 22131000 -1 26522000 -1 33102000 -1 45283000 -1 -2
7851000 -1 8381000 -1 18301000 -1 20733000 -1 20885000 -1 27743000 -1 40384000 -1 -2
11164000 -1 11178000 -1 11907000 -1 12636000 -1 21901000 -1 29423000 -1 41779000 -1 -2
6793000 -1 7047000 -1 7623000 -1 8199000 -1 8775000 -1 22635000 -1 23225000 -1 -2
8377000 -1 8521000 -1 8648199 -1 8775398 -1 8902597 -1 14773597 -1 22242597 -1 -2
10283000 -1 11428000 -1 11608000 -1 11953600 -1 25269600 -1 28771600 -1 33803600 -1 -2
2992000 -1 3253000 -1 3369400 -1 3485800 -1 3602200 -1 5763200 -1 10807200 -1 -2
3158000 -1 15250000 -1 15392000 -1 17285600 -1 26024600 -1 34507600 -1 41720600 -1 -2
14191000 -1 20801000 -1 21039000 -1 32507000 -1 45392000 -1 52797000 -1 62453000 -1 -2
4969000 -1 5231000 -1 5793799 -1 6356598 -1 6919397 -1 8996397 -1 20813397 -1 -2
5736000 -1 9786000 -1 10052000 -1 15132000 -1 26087000 -1 32721000 -1 41808000 -1 -2
5975000 -1 17941000 -1 18021000 -1 18258000 -1 22608000 -1 22732000 -1 24718000 -1 -2
14240000 -1 14494000 -1 14728000 -1 14962000 -1 26983000 -1 38592000 -1 43963000 -1 -2
1094000 -1 1107000 -1 4518000 -1 12965000 -1 15742000 -1 16903000 -1 29670000 -1 -2
230000 -1 525000 -1 1095000 -1 1665000 -1 2235000 -1 14950000 -1 28136000 -1 -2
13739000 -1 13925000 -1 25615000 -1 29327000 -1 39912000 -1 47542000 -1 60235000 -1 -2
1354000 -1 8383000 -1 19027000 -1 29477000 -1 29700000 -1 36935000 -1 43585000 -1 -2
10210000 -1 17196000 -1 17405000 -1 22727000 -1 22755000 -1 24897000 -1 37201000 -1 -2
3866000 -1 4813000 -1 5066000 -1 7317000 -1 15485000 -1 19274000 -1 28241000 -1 -2
8496000 -1 19614000 -1 19691000 -1 20623400 -1 21555800 -1 28779800 -1 36954800 -1 -2
746000 -1 3528000 -1 3638000 -1 15865000 -1 16728000 -1 29983000 -1 32813000 -1 -2
12588000 -1 22613000 -1 22797000 -1 25877000 -1 26012000 -1 39143000 -1 49451000 -1 -2
11915000 -1 22751000 -1 27607000 -1 27863000 -1 40983000 -1 45612000 -1 54859000 -1 -2
10893000 -1 11059000 -1 23837000 -1 29045000 -1 42565000 -1 45837000 -1 58792000 -1 -2
12646000 -1 24616000 -1 24667000 -1 24909000 -1 37409000 -1 44612000 -1 46021000 -1 -2
4686000 -1 4770000 -1 4870800 -1 4971600 -1 5072400 -1 6550400 -1 12776400 -1 -2
6850000 -1 6939000 -1 7059000 -1 7179000 -1 7299000 -1 10507000 -1 23932000 -1 -2
613000 -1 800000 -1 7360000 -1 17105000 -1 30929000 -1 34006000 -1 47284000 -1 -2
3840000 -1 3931000 -1 11670000 -1 14032000 -1 19409000 -1 24029000 -1 30072000 -1 -2
5174000 -1 5261000 -1 5745800 -1 6230600 -1 6715400 -1 10729400 -1 23567400 -1 -2
14095000 -1 23269000 -1 36849000 -1 37231000 -1 37402000 -1 38944000 -1 47769000 -1 -2
8493000 -1 18557000 -1 24894000 -1 28871000 -1 28967000 -1 41187000 -1 46318000 -1 -2
12850000 -1 22814000 -1 22875000 -1 23187000 -1 23315000 -1 25457000 -1 31545000 -1 -2
1523000 -1 1755000 -1 3683000 -1 5789000 -1 10780000 -1 13885000 -1 14350000 -1 -2
7413000 -1 7432000 -1 8029600 -1 8627200 -1 9224800 -1 21769800 -1 35772800 -1 -2
6095000 -1 14959000 -1 15126000 -1 15228000 -1 20583000 -1 22738000 -1 27434000 -1 -2
9108000 -1 9368000 -1 9881600 -1 10395200 -1 10908800 -1 19562800 -1 26589800 -1 -2
9957000 -1 9991000 -1 10503400 -1 11015800 -1 11528200 -1 15741200 -1 22336200 -1 -2
4569000 -1 4602000 -1 4683600 -1 4765200 -1 4846800 -1 16611800 -1 18106800 -1 -2
10080000 -1 21441000 -1 21592000 -1 21731000 -1 29400000 -1 41798000 -1 54214000 -1 -2
7458000 -1 13076000 -1 13229000 -1 22343000 -1 31521000 -1 35739000 -1 48013000 -1 -2
11662000 -1 11691000 -1 20595000 -1 31926000 -1 43258000 -1 45663000 -1 54905000 -1 -2
13089000 -1 24838000 -1 25114000 -1 25618000 -1 32380000 -1 42222000 -1 52496000 -1 -2
2912000 -1 3087000 -1 4863000 -1 8696000 -1 17396000 -1 25748000 -1 38624000 -1 -2
11656000 -1 11839000 -1 11998600 -1 12158200 -1 12317800 -1 14476800 -1 15230800 -1 -2
4319000 -1 4356000 -1 14312000 -1 14378000 -1 23459000 -1 35281000 -1 46211000 -1 -2
1770000 -1 9974000 -1 10188000 -1 23948000 -1 36105000 -1 44559000 -1 51434000 -1 -2
5781000 -1 5800000 -1 8410000 -1 10174000 -1 24206000 -1 34752000 -1 48655000 -1 -2
12846000 -1 18381000 -1 18625000 -1 30515000 -1 30796000 -1 35541000 -1 42296000 -1 -2
9725000 -1 16341000 -1 16526000 -1 16674000 -1 29200000 -1 32043000 -1 34445000 -1 -2
6180000 -1 6296000 -1 11729000 -1 21327000 -1 28960000 -1 40820000 -1 48833000 -1 -2
5417000 -1 5443000 -1 5539000 -1 15620000 -1 16471000 -1 29348000 -1 34279000 -1 -2
5178000 -1 16177000 -1 16314000 -1 23690000 -1 23867000 -1 32691000 -1 41440000 -1 -2
3807000 -1 10915000 -1 16375000 -1 18758000 -1 18940000 -1 26935000 -1 33988000 -1 -2
5598000 -1 12117000 -1 12399000 -1 17749000 -1 28097000 -1 40776000 -1 49813000 -1 -2
5679000 -1 5798000 -1 19414000 -1 30768000 -1 40727000 -1 50336000 -1 61569000 -1 -2
3913000 -1 4072000 -1 5950000 -1 7389000 -1 18213000 -1 31054000 -1 31402000 -1 -2
2487000 -1 14908000 -1 15009000 -1 15082000 -1 15253000 -1 27292000 -1 32120000 -1 -2
5874000 -1 16959000 -1 17057000 -1 18057800 -1 19058600 -1 32660600 -1 45355600 -1 -2
2486000 -1 11562000 -1 17727000 -1 17881000 -1 24578000 -1 25593000 -1 33113000 -1 -2
6972000 -1 7157000 -1 7317800 -1 7478600 -1 7639400 -1 11238400 -1 21484400 -1 -2
3068000 -1 13509000 -1 13691000 -1 23380000 -1 37574000 -1 51149000 -1 59568000 -1 -2
3981000 -1 6365000 -1 6448000 -1 6804400 -1 9963400 -1 23558400 -1 32594400 -1 -2
2480000 -1 2593000 -1 7100000 -1 12536000 -1 20275000 -1 24357000 -1 24604000 -1 -2
2895000 -1 4302000 -1 4526000 -1 4677200 -1 4828400 -1 8084400 -1 8526400 -1 -2
13358000 -1 22630000 -1 32890000 -1 46971000 -1 47099000 -1 47725000 -1 61632000 -1 -2
8811000 -1 22256000 -1 22463000 -1 24090200 -1 25280200 -1 37195200 -1 40951200 -1 -2
9673000 -1 20194000 -1 20338000 -1 20595399 -1 20852798 -1 21147798 -1 29723798 -1 -2
14011000 -1 14186000 -1 14282000 -1 14378000 -1 14474000 -1 26974000 -1 37765000 -1 -2
12822000 -1 15796000 -1 16055000 -1 19886000 -1 23816000 -1 32011000 -1 32739000 -1 -2
7835000 -1 8093000 -1 14429000 -1 21860000 -1 31821000 -1 34386000 -1 45342000 -1 -2
8523000 -1 8709000 -1 21536000 -1 21946000 -1 26770000 -1 34739000 -1 40523000 -1 -2
5567000 -1 5807000 -1 6317000 -1 6827000 -1 7337000 -1 10598000 -1 24836000 -1 -2
7147000 -1 7289000 -1 11981000 -1 13436000 -1 26208000 -1 26511000 -1 33489000 -1 -2
7650000 -1 7778000 -1 8564600 -1 9351200 -1 15566200 -1 19457200 -1 29422200 -1 -2
9411000 -1 9664000 -1 18927000 -1 26734000 -1 40950000 -1 49791000 -1 60139000 -1 -2
4831000 -1 4931000 -1 14600000 -1 18945000 -1 28874000 -1 36983000 -1 43883000 -1 -2
5405000 -1 5438000 -1 5532800 -1 5627600 -1 5722400 -1 14063400 -1 21273400 -1 -2
13597000 -1 13742000 -1 13808000 -1 13874000 -1 13940000 -1 18427000 -1 31630000 -1 -2
13461000 -1 17826000 -1 18002000 -1 18093800 -1 18185600 -1 30566600 -1 31911600 -1 -2
3695000 -1 17725000 -1 17798000 -1 22671000 -1 22950000 -1 33559000 -1 34771000 -1 -2
8851000 -1 14930000 -1 26152000 -1 37251000 -1 37267000 -1 48604000 -1 50437000 -1 -2
7734000 -1 18778000 -1 18858000 -1 31092000 -1 44440000 -1 57330000 -1 70941000 -1 -2
2358000 -1 4579000 -1 4671000 -1 5578200 -1 6485400 -1 20611400 -1 24391400 -1 -2
1114000 -1 7629000 -1 7847000 -1 18078000 -1 18327000 -1 28070000 -1 36091000 -1 -2
7354000 -1 7538000 -1 8093600 -1 8649200 -1 9204800 -1 17981800 -1 26859800 -1 -2
4043000 -1 11388000 -1 11508000 -1 11718000 -1 18328000 -1 32264000 -1 43514000 -1 -2
6037000 -1 13734000 -1 13924000 -1 14122000 -1 14320000 -1 21370000 -1 34282000 -1 -2
2971000 -1 11154000 -1 11360000 -1 11405000 -1 15499000 -1 26613000 -1 38052000 -1 -2
11209000 -1 11499000 -1 16910000 -1 20962000 -1 33072000 -1 44271000 -1 48343000 -1 -2
7268000 -1 7432000 -1 7492000 -1 7552000 -1 7612000 -1 8773000 -1 10752000 -1 -2
1640000 -1 7126000 -1 7164000 -1 20990000 -1 26646000 -1 38668000 -1 52300000 -1 -2
1112000 -1 4725000 -1 4738000 -1 5485000 -1 6232000 -1 20548000 -1 25054000 -1 -2
843000 -1 6940000 -1 7043000 -1 18966000 -1 20187000 -1 30682000 -1 44489000 -1 -2
12417000 -1 12635000 -1 13307000 -1 13979000 -1 14651000 -1 23052000 -1 29596000 -1 -2
12498000 -1 12578000 -1 12788600 -1 12999200 -1 18432200 -1 19912200 -1 25402200 -1 -2
3029000 -1 3311000 -1 16760000 -1 23968000 -1 30796000 -1 42467000 -1 50940000 -1 -2
3150000 -1 10644000 -1 10844000 -1 11771000 -1 12641000 -1 23731000 -1 35418000 -1 -2
9990000 -1 24097000 -1 36697000 -1 39518000 -1 39783000 -1 40736000 -1 44440000 -1 -2
6570000 -1 6593000 -1 7514600 -1 8436200 -1 18007200 -1 31781200 -1 34380200 -1 -2
321000 -1 9513000 -1 9688000 -1 9889000 -1 23376000 -1 36939000 -1 43241000 -1 -2
3409000 -1 7916000 -1 8151000 -1 17125000 -1 17351000 -1 17355000 -1 23686000 -1 -2
2094000 -1 14068000 -1 14360000 -1 14435000 -1 24967000 -1 31344000 -1 33294000 -1 -2
7100000 -1 7275000 -1 8268600 -1 9262200 -1 17931200 -1 27606200 -1 30054200 -1 -2
236000 -1 403000 -1 8556000 -1 16614000 -1 17106000 -1 28594000 -1 40754000 -1 -2
13484000 -1 14091000 -1 15709000 -1 24996000 -1 25186000 -1 37680000 -1 50720000 -1 -2
9399000 -1 9538000 -1 10169200 -1 10800400 -1 11431600 -1 12437600 -1 23568600 -1 -2
2184000 -1 2467000 -1 16341000 -1 24125000 -1 30580000 -1 32927000 -1 42058000 -1 -2
4699000 -1 16592000 -1 24161000 -1 24395000 -1 29425000 -1 37743000 -1 48266000 -1 -2
12566000 -1 24396000 -1 24412000 -1 31580000 -1 31603000 -1 45627000 -1 51846000 -1 -2
12040000 -1 12131000 -1 12197000 -1 12263000 -1 12329000 -1 16747000 -1 26229000 -1 -2
8817000 -1 9996000 -1 10092000 -1 21877000 -1 28116000 -1 36241000 -1 38148000 -1 -2
8038000 -1 11019000 -1 11112000 -1 22908000 -1 22951000 -1 23713000 -1 37906000 -1 -2
8022000 -1 8206000 -1 8737600 -1 9269200 -1 9800800 -1 10657800 -1 11525800 -1 -2
11293000 -1 11403000 -1 16955000 -1 25050000 -1 27284000 -1 31641000 -1 34755000 -1 -2
2706000 -1 15081000 -1 15166000 -1 16053400 -1 16940800 -1 27976800 -1 38463800 -1 -2
3097000 -1 3132000 -1 3745200 -1 4358400 -1 4971600 -1 9956600 -1 14384600 -1 -2
5078000 -1 5302000 -1 6115600 -1 6929200 -1 10732200 -1 22869200 -1 24867200 -1 -2
8281000 -1 18575000 -1 18705000 -1 27385000 -1 27644000 -1 29317000 -1 31731000 -1 -2
9692000 -1 21887000 -1 29336000 -1 36305000 -1 36391000 -1 38146000 -1 40527000 -1 -2
3373000 -1 8885000 -1 8980000 -1 20959000 -1 20968000 -1 26932000 -1 34257000 -1 -2
10874000 -1 11017000 -1 11564200 -1 12111400 -1 12658600 -1 12758600 -1 13327600 -1 -2
13187000 -1 18987000 -1 26491000 -1 32686000 -1 32731000 -1 42744000 -1 46009000 -1 -2
9402000 -1 9610000 -1 9707200 -1 9804400 -1 22946400 -1 28355400 -1 29486400 -1 -2
3618000 -1 16440000 -1 16621000 -1 16840600 -1 21565600 -1 33263600 -1 34098600 -1 -2
5848000 -1 18409000 -1 18707000 -1 31158000 -1 31441000 -1 36399000 -1 47135000 -1 -2
7201000 -1 7315000 -1 10722000 -1 12039000 -1 16159000 -1 18905000 -1 31006000 -1 -2
434000 -1 2343000 -1 9640000 -1 9930000 -1 24178000 -1 28052000 -1 32878000 -1 -2
10609000 -1 11271000 -1 15118000 -1 15181000 -1 27094000 -1 30069000 -1 31809000 -1 -2
3900000 -1 16352000 -1 18281000 -1 18531000 -1 30058000 -1 38028000 -1 50589000 -1 -2
9288000 -1 9376000 -1 10072000 -1 10768000 -1 11464000 -1 17622000 -1 26283000 -1 -2
8830000 -1 9020000 -1 9549200 -1 10078400 -1 10607600 -1 11048600 -1 11687600 -1 -2
4165000 -1 4266000 -1 4327200 -1 4388400 -1 4449600 -1 12501600 -1 20839600 -1 -2
13558000 -1 13852000 -1 13903000 -1 22853000 -1 22956000 -1 32573000 -1 39318000 -1 -2
3493000 -1 3567000 -1 9032000 -1 15356000 -1 27710000 -1 35737000 -1 48962000 -1 -2
8063000 -1 8108000 -1 8805200 -1 9502400 -1 10199600 -1 14370600 -1 14990600 -1 -2
9974000 -1 10148000 -1 10752800 -1 11357600 -1 11962400 -1 14774400 -1 19084400 -1 -2
11807000 -1 24575000 -1 33367000 -1 33535000 -1 38179000 -1 46008000 -1 56577000 -1 -2
8194000 -1 8418000 -1 11338000 -1 22276000 -1 31303000 -1 41063000 -1 47415000 -1 -2
2833000 -1 2835000 -1 3125000 -1 11116000 -1 20553000 -1 21008000 -1 27794000 -1 -2
11778000 -1 16708000 -1 16780000 -1 19457000 -1 19656000 -1 24920000 -1 31445000 -1 -2
3775000 -1 4498000 -1 4735000 -1 14239000 -1 14470000 -1 14813000 -1 20804000 -1 -2
12294000 -1 12581000 -1 14488000 -1 26568000 -1 37078000 -1 42411000 -1 55260000 -1 -2
5374000 -1 5573000 -1 7582000 -1 20466000 -1 31292000 -1 42177000 -1 53095000 -1 -2
7822000 -1 11950000 -1 21432000 -1 32785000 -1 32895000 -1 39613000 -1 49476000 -1 -2
1079000 -1 1341000 -1 5429000 -1 5721000 -1 19823000 -1 32830000 -1 44092000 -1 -2
8829000 -1 9033000 -1 9130200 -1 9227400 -1 13444400 -1 14587400 -1 27169400 -1 -2
4929000 -1 5183000 -1 15416000 -1 23191000 -1 35015000 -1 38205000 -1 43697000 -1 -2
4795000 -1 15438000 -1 29811000 -1 29900000 -1 44276000 -1 56307000 -1 61856000 -1 -2
13630000 -1 17798000 -1 17913000 -1 18149000 -1 28211000 -1 30115000 -1 38914000 -1 -2
4306000 -1 4532000 -1 5107000 -1 8082000 -1 9254000 -1 10133000 -1 15172000 -1 -2
7541000 -1 7773000 -1 8561400 -1 9349800 -1 20276800 -1 29823800 -1 41561800 -1 -2
5409000 -1 19479000 -1 19521000 -1 30951000 -1 32209000 -1 42624000 -1 47242000 -1 -2
10059000 -1 10189000 -1 14642000 -1 23312000 -1 36947000 -1 37536000 -1 46393000 -1 -2
1019000 -1 1236000 -1 1453799 -1 1671598 -1 7937598 -1 7991598 -1 11991598 -1 -2
783000 -1 1033000 -1 12341000 -1 13864000 -1 20320000 -1 29901000 -1 43850000 -1 -2
9166000 -1 18007000 -1 28892000 -1 28985000 -1 38842000 -1 39989000 -1 40353000 -1 -2
7728000 -1 7931000 -1 16095000 -1 28556000 -1 29458000 -1 30592000 -1 40039000 -1 -2
8742000 -1 9042000 -1 9123600 -1 9205200 -1 9286800 -1 14805800 -1 28703800 -1 -2
4569000 -1 14895000 -1 15120000 -1 27675000 -1 29127000 -1 40147000 -1 44269000 -1 -2
5437000 -1 5601000 -1 5758000 -1 15126000 -1 16387000 -1 26553000 -1 27418000 -1 -2
13800000 -1 14006000 -1 14163200 -1 14320400 -1 14477600 -1 17845600 -1 26296600 -1 -2
8873000 -1 9029000 -1 12709000 -1 13478000 -1 26199000 -1 33455000 -1 43337000 -1 -2
438000 -1 3801000 -1 8847000 -1 17551000 -1 17801000 -1 23770000 -1 33275000 -1 -2
2862000 -1 10083000 -1 10184000 -1 10402000 -1 22323000 -1 34424000 -1 36893000 -1 -2
7169000 -1 7444000 -1 7529199 -1 7614398 -1 7699597 -1 16214597 -1 22685597 -1 -2
12938000 -1 21240000 -1 21410000 -1 21543000 -1 31318000 -1 40573000 -1 43260000 -1 -2
4805000 -1 5066000 -1 5603600 -1 6141200 -1 6678800 -1 17279800 -1 21922800 -1 -2
2752000 -1 8349000 -1 8599000 -1 13075000 -1 13178000 -1 13743000 -1 13819000 -1 -2
11819000 -1 11986000 -1 12619600 -1 13253200 -1 13886800 -1 16839800 -1 24376800 -1 -2
8425000 -1 13506000 -1 14902000 -1 15041000 -1 21700000 -1 29842000 -1 40446000 -1 -2
9492000 -1 14410000 -1 14708000 -1 18438000 -1 19929000 -1 31236000 -1 31796000 -1 -2
5410000 -1 5526000 -1 14101000 -1 20276000 -1 27308000 -1 31765000 -1 32627000 -1 -2
7742000 -1 7955000 -1 8521399 -1 9087798 -1 9654197 -1 22922197 -1 33348197 -1 -2
2628000 -1 2816000 -1 16465000 -1 16504000 -1 30208000 -1 42368000 -1 49082000 -1 -2
9643000 -1 9676000 -1 16923000 -1 21319000 -1 24948000 -1 34755000 -1 47897000 -1 -2
9205000 -1 20498000 -1 20777000 -1 20796000 -1 33438000 -1 34786000 -1 48905000 -1 -2
2303000 -1 5900000 -1 6093000 -1 6137000 -1 20522000 -1 24567000 -1 36957000 -1 -2
117000 -1 297000 -1 4285000 -1 12404000 -1 13385000 -1 22301000 -1 34642000 -1 -2
1400000 -1 13061000 -1 13144000 -1 13401000 -1 22939000 -1 25525000 -1 27125000 -1 -2
11473000 -1 18327000 -1 18606000 -1 24757000 -1 32738000 -1 32853000 -1 47205000 -1 -2
10399000 -1 10589000 -1 22664000 -1 25844000 -1 33873000 -1 35173000 -1 44700000 -1 -2
10294000 -1 10360000 -1 10961200 -1 11562400 -1 12163600 -1 18245600 -1 31113600 -1 -2
5445000 -1 5615000 -1 6175400 -1 6735800 -1 7296200 -1 11461200 -1 23933200 -1 -2
5013000 -1 5113000 -1 5799399 -1 6485798 -1 7172197 -1 21017197 -1 21261197 -1 -2
3883000 -1 3891000 -1 8552000 -1 22277000 -1 24657000 -1 28950000 -1 35046000 -1 -2
13281000 -1 13540000 -1 13703799 -1 13867598 -1 17520598 -1 29239598 -1 33298598 -1 -2
3304000 -1 13049000 -1 13063000 -1 26146000 -1 39880000 -1 52173000 -1 54368000 -1 -2
7667000 -1 7719000 -1 12649000 -1 15874000 -1 22178000 -1 25536000 -1 33966000 -1 -2
2579000 -1 16613000 -1 16626000 -1 30225000 -1 37533000 -1 49214000 -1 58043000 -1 -2
10331000 -1 10417000 -1 10497400 -1 10577800 -1 10658200 -1 18295200 -1 27594200 -1 -2
8091000 -1 8344000 -1 8437600 -1 8531200 -1 13195200 -1 19922200 -1 20326200 -1 -2
1715000 -1 1902000 -1 2165000 -1 5439000 -1 6593000 -1 9548000 -1 14555000 -1 -2
9585000 -1 9876000 -1 10258000 -1 20022000 -1 20185000 -1 24589000 -1 29562000 -1 -2
2900000 -1 9204000 -1 9298000 -1 18214000 -1 18476000 -1 26733000 -1 36656000 -1 -2
10358000 -1 10533000 -1 11165400 -1 11797800 -1 12430200 -1 12738200 -1 19825200 -1 -2
7715000 -1 19706000 -1 20001000 -1 27401000 -1 35872000 -1 48869000 -1 62606000 -1 -2
8187000 -1 8248000 -1 19173000 -1 31830000 -1 32091000 -1 38306000 -1 46952000 -1 -2
4591000 -1 4849000 -1 14096000 -1 20182000 -1 25673000 -1 34562000 -1 36624000 -1 -2
13139000 -1 13356000 -1 24893000 -1 30749000 -1 31972000 -1 35844000 -1 46867000 -1 -2
10498000 -1 14862000 -1 14975000 -1 17030000 -1 17218000 -1 24956000 -1 28065000 -1 -2
5203000 -1 5290000 -1 6752000 -1 14415000 -1 18964000 -1 31450000 -1 35790000 -1 -2
9528000 -1 9714000 -1 13604000 -1 15709000 -1 25143000 -1 30215000 -1 32635000 -1 -2
5481000 -1 17576000 -1 26985000 -1 27264000 -1 38397000 -1 44181000 -1 51667000 -1 -2
7389000 -1 7477000 -1 12995000 -1 23752000 -1 25381000 -1 28991000 -1 32201000 -1 -2
6656000 -1 6800000 -1 6956000 -1 7112000 -1 7268000 -1 21581000 -1 24940000 -1 -2
5038000 -1 5336000 -1 5575400 -1 5814800 -1 9137800 -1 17624800 -1 18339800 -1 -2
7214000 -1 20123000 -1 20256000 -1 25820000 -1 31684000 -1 32024000 -1 39016000 -1 -2
8754000 -1 8851000 -1 9659200 -1 10467400 -1 22110400 -1 27171400 -1 29232400 -1 -2
5959000 -1 6019000 -1 9630000 -1 10157000 -1 13078000 -1 26297000 -1 31886000 -1 -2
11422000 -1 11699000 -1 11900600 -1 12102200 -1 25826200 -1 39512200 -1 46305200 -1 -2
1213000 -1 1406000 -1 1581200 -1 1756400 -1 1931600 -1 12918600 -1 24212600 -1 -2
1424000 -1 10385000 -1 10551000 -1 20810000 -1 20948000 -1 26396000 -1 33477000 -1 -2
10622000 -1 10898000 -1 11960000 -1 13022000 -1 26911000 -1 40723000 -1 41559000 -1 -2
8175000 -1 11144000 -1 11359000 -1 11376000 -1 20328000 -1 25925000 -1 25985000 -1 -2
6148000 -1 7177000 -1 7383000 -1 7915800 -1 16814800 -1 23215800 -1 24095800 -1 -2
8429000 -1 8598000 -1 22897000 -1 33545000 -1 42587000 -1 48308000 -1 52801000 -1 -2
7005000 -1 13892000 -1 28127000 -1 28371000 -1 34004000 -1 34095000 -1 48352000 -1 -2
11862000 -1 18477000 -1 18694000 -1 18784000 -1 18874000 -1 26376000 -1 36026000 -1 -2
10306000 -1 10489000 -1 21059000 -1 22386000 -1 26880000 -1 32919000 -1 46901000 -1 -2
1190000 -1 11567000 -1 11686000 -1 12710199 -1 13734398 -1 15242398 -1 25445398 -1 -2
4766000 -1 7086000 -1 16244000 -1 16409000 -1 20648000 -1 28665000 -1 35078000 -1 -2
2372000 -1 2604000 -1 14138000 -1 15782000 -1 16302000 -1 18320000 -1 18865000 -1 -2
2445000 -1 2483000 -1 3014600 -1 3546200 -1 4077800 -1 16198800 -1 18791800 -1 -2
4493000 -1 16878000 -1 26073000 -1 36853000 -1 37015000 -1 42462000 -1 52361000 -1 -2
12494000 -1 12725000 -1 20175000 -1 23284000 -1 27284000 -1 32657000 -1 36874000 -1 -2
4017000 -1 4117000 -1 11322000 -1 20777000 -1 26334000 -1 35206000 -1 38389000 -1 -2
9253000 -1 9397000 -1 9571000 -1 23714000 -1 35605000 -1 35974000 -1 37552000 -1 -2
10422000 -1 10708000 -1 11195200 -1 11682400 -1 12169600 -1 20107600 -1 21424600 -1 -2
12264000 -1 12380000 -1 13433000 -1 14486000 -1 22190000 -1 35451000 -1 46980000 -1 -2
2161000 -1 8234000 -1 8502000 -1 18214000 -1 31041000 -1 41357000 -1 48929000 -1 -2
7738000 -1 8439000 -1 8725000 -1 14743000 -1 15171000 -1 28953000 -1 29337000 -1 -2
10267000 -1 10559000 -1 10670600 -1 10782200 -1 22672200 -1 36993200 -1 37963200 -1 -2
181000 -1 340000 -1 6453000 -1 15583000 -1 23328000 -1 30490000 -1 36676000 -1 -2
4909000 -1 10555000 -1 10615000 -1 12137800 -1 13085800 -1 13586800 -1 27689800 -1 -2
4092000 -1 4315000 -1 6016000 -1 6598000 -1 15204000 -1 24553000 -1 36098000 -1 -2
3828000 -1 9682000 -1 9811000 -1 12664000 -1 20097000 -1 21134000 -1 23769000 -1 -2
7421000 -1 9433000 -1 9695000 -1 15252000 -1 15277000 -1 20188000 -1 27224000 -1 -2
9683000 -1 9893000 -1 13079000 -1 15956000 -1 23217000 -1 27400000 -1 41617000 -1 -2
6507000 -1 6624000 -1 6809000 -1 6876000 -1 13608000 -1 22258000 -1 35103000 -1 -2
8306000 -1 12235000 -1 12498000 -1 12602000 -1 24070000 -1 37920000 -1 50229000 -1 -2
14066000 -1 20046000 -1 20096000 -1 20312000 -1 31839000 -1 40683000 -1 53734000 -1 -2
7590000 -1 7802000 -1 8426000 -1 9050000 -1 9674000 -1 10967000 -1 23643000 -1 -2
1531000 -1 14957000 -1 15097000 -1 15446200 -1 24654200 -1 33340200 -1 33792200 -1 -2
7702000 -1 7968000 -1 8803200 -1 9638400 -1 19189400 -1 33186400 -1 46181400 -1 -2
12816000 -1 13057000 -1 13612600 -1 14168200 -1 14723800 -1 15944800 -1 23500800 -1 -2
11359000 -1 19369000 -1 19480000 -1 28216000 -1 28762000 -1 30902000 -1 33132000 -1 -2
4063000 -1 13548000 -1 13707000 -1 24376000 -1 29344000 -1 42082000 -1 51125000 -1 -2
3882000 -1 3955000 -1 12822000 -1 19528000 -1 25192000 -1 36236000 -1 44694000 -1 -2
12010000 -1 20141000 -1 20256000 -1 32709000 -1 32758000 -1 36773000 -1 48329000 -1 -2
10610000 -1 10852000 -1 11793400 -1 12734800 -1 26314800 -1 30760800 -1 44426800 -1 -2
14312000 -1 18756000 -1 18986000 -1 32913000 -1 35996000 -1 47540000 -1 52834000 -1 -2
9647000 -1 20025000 -1 20102000 -1 20267600 -1 20433200 -1 34748200 -1 48474200 -1 -2
8473000 -1 8768000 -1 18982000 -1 29136000 -1 32389000 -1 37515000 -1 42592000 -1 -2
12922000 -1 13112000 -1 13604000 -1 14096000 -1 14588000 -1 16662000 -1 16771000 -1 -2
10052000 -1 10121000 -1 10725800 -1 11330600 -1 11935400 -1 18186400 -1 31007400 -1 -2
9242000 -1 15609000 -1 15777000 -1 27273000 -1 27389000 -1 27677000 -1 33749000 -1 -2
10895000 -1 11097000 -1 24660000 -1 27335000 -1 33471000 -1 46319000 -1 59591000 -1 -2
14131000 -1 14197000 -1 14882200 -1 15567400 -1 16252600 -1 30288600 -1 35113600 -1 -2
5080000 -1 5165000 -1 9689000 -1 14301000 -1 16934000 -1 25150000 -1 30573000 -1 -2
11046000 -1 17390000 -1 17557000 -1 25608000 -1 39366000 -1 50763000 -1 58320000 -1 -2
1430000 -1 3999000 -1 4254000 -1 9734000 -1 21883000 -1 24336000 -1 36332000 -1 -2
9961000 -1 10248000 -1 10820399 -1 11392798 -1 11965197 -1 22533197 -1 29933197 -1 -2
9073000 -1 20779000 -1 21032000 -1 21282000 -1 31351000 -1 37873000 -1 48303000 -1 -2
12652000 -1 13054000 -1 13194000 -1 14205600 -1 15217200 -1 20968200 -1 35120200 -1 -2
6763000 -1 6958000 -1 14217000 -1 26597000 -1 30496000 -1 31299000 -1 40761000 -1 -2
284000 -1 439000 -1 614200 -1 789400 -1 964600 -1 8127600 -1 16806600 -1 -2
4093000 -1 13065000 -1 13077000 -1 13224000 -1 14967000 -1 21910000 -1 22564000 -1 -2
1479000 -1 1779000 -1 2331000 -1 2883000 -1 3435000 -1 8231000 -1 21964000 -1 -2
14114000 -1 14189000 -1 23827000 -1 34586000 -1 42478000 -1 52731000 -1 61833000 -1 -2
7184000 -1 7264000 -1 7422400 -1 7580800 -1 7739200 -1 22109200 -1 22968200 -1 -2
4903000 -1 16557000 -1 26964000 -1 28676000 -1 28733000 -1 34632000 -1 41905000 -1 -2
12378000 -1 12385000 -1 12642399 -1 12899798 -1 16286798 -1 20222798 -1 34339798 -1 -2
12719000 -1 26101000 -1 26131000 -1 26347000 -1 39823000 -1 40622000 -1 54362000 -1 -2
11801000 -1 11963000 -1 12543799 -1 13124598 -1 13705397 -1 21218397 -1 24413397 -1 -2
1532000 -1 1550000 -1 5822000 -1 10072000 -1 16394000 -1 18086000 -1 27031000 -1 -2
13409000 -1 13476000 -1 18196000 -1 19552000 -1 21364000 -1 23962000 -1 25548000 -1 -2
1758000 -1 2022000 -1 2691600 -1 3361200 -1 4030800 -1 5872800 -1 6684800 -1 -2
12897000 -1 13182000 -1 23929000 -1 23979000 -1 30055000 -1 38982000 -1 50495000 -1 -2
1663000 -1 1931000 -1 2430200 -1 2929400 -1 3428600 -1 12829600 -1 20974600 -1 -2
4818000 -1 10705000 -1 10930000 -1 11261200 -1 17601200 -1 30855200 -1 37761200 -1 -2
13272000 -1 13441000 -1 13528600 -1 13616200 -1 13703800 -1 26391800 -1 37667800 -1 -2
12976000 -1 15540000 -1 15821000 -1 28926000 -1 38466000 -1 51712000 -1 56693000 -1 -2
6215000 -1 6396000 -1 15444000 -1 23070000 -1 34402000 -1 37546000 -1 44095000 -1 -2
11727000 -1 21626000 -1 21677000 -1 22152200 -1 22632200 -1 26054200 -1 33919200 -1 -2
1445000 -1 1557000 -1 9035000 -1 19801000 -1 30878000 -1 38635000 -1 53010000 -1 -2
888000 -1 1130000 -1 1306399 -1 1482798 -1 1659197 -1 16059197 -1 27265197 -1 -2
566000 -1 801000 -1 9411000 -1 14070000 -1 19956000 -1 20251000 -1 20328000 -1 -2
11380000 -1 25481000 -1 25547000 -1 25700000 -1 25853000 -1 26755000 -1 36102000 -1 -2
12764000 -1 27116000 -1 27284000 -1 36400000 -1 38508000 -1 41734000 -1 48244000 -1 -2
4404000 -1 13531000 -1 17818000 -1 17822000 -1 29002000 -1 41793000 -1 44376000 -1 -2
3712000 -1 14980000 -1 15144000 -1 15241200 -1 15338400 -1 22623400 -1 30284400 -1 -2
10309000 -1 20906000 -1 34204000 -1 34338000 -1 45728000 -1 54182000 -1 54293000 -1 -2
9983000 -1 9991000 -1 10107400 -1 10223800 -1 10340200 -1 18119200 -1 22872200 -1 -2
13875000 -1 23798000 -1 23983000 -1 24164000 -1 32607000 -1 35245000 -1 41266000 -1 -2
4125000 -1 14542000 -1 14567000 -1 23017000 -1 28397000 -1 32555000 -1 38934000 -1 -2
6584000 -1 20934000 -1 20996000 -1 26074000 -1 26177000 -1 32247000 -1 36048000 -1 -2
7646000 -1 7648000 -1 13983000 -1 14305000 -1 15358000 -1 24189000 -1 31973000 -1 -2
1477000 -1 10937000 -1 11206000 -1 11341000 -1 12928000 -1 25218000 -1 28825000 -1 -2
8852000 -1 19506000 -1 33171000 -1 35474000 -1 35723000 -1 37284000 -1 45349000 -1 -2
3695000 -1 4684000 -1 4691000 -1 4948399 -1 5205798 -1 12461798 -1 15991798 -1 -2
10094000 -1 11131000 -1 11299000 -1 21989000 -1 22282000 -1 22477000 -1 31417000 -1 -2
13457000 -1 26916000 -1 26992000 -1 34760000 -1 34867000 -1 43386000 -1 46572000 -1 -2
9281000 -1 12030000 -1 12283000 -1 13816600 -1 22395600 -1 32308600 -1 34145600 -1 -2
3225000 -1 13559000 -1 25529000 -1 25767000 -1 35593000 -1 49414000 -1 55049000 -1 -2
4033000 -1 4174000 -1 14794000 -1 15306000 -1 17814000 -1 23180000 -1 28460000 -1 -2
8256000 -1 8471000 -1 8730200 -1 8989400 -1 11856400 -1 13277400 -1 17561400 -1 -2
7263000 -1 16133000 -1 16425000 -1 23676000 -1 37619000 -1 45449000 -1 52797000 -1 -2
14038000 -1 14122000 -1 15992000 -1 25226000 -1 32081000 -1 44587000 -1 55792000 -1 -2
13523000 -1 24599000 -1 31562000 -1 31673000 -1 37526000 -1 43993000 -1 51446000 -1 -2
1578000 -1 1849000 -1 1996600 -1 2144200 -1 2291800 -1 11849800 -1 23398800 -1 -2
3719000 -1 3735000 -1 17496000 -1 26510000 -1 40425000 -1 52184000 -1 64827000 -1 -2
5862000 -1 13019000 -1 13110000 -1 20156000 -1 27184000 -1 27534000 -1 36311000 -1 -2
9117000 -1 14189000 -1 14252000 -1 26836000 -1 27093000 -1 34686000 -1 44593000 -1 -2
598000 -1 756000 -1 844800 -1 933600 -1 1022400 -1 2241400 -1 12376400 -1 -2
10983000 -1 14037000 -1 14245000 -1 26664000 -1 33066000 -1 40458000 -1 52855000 -1 -2
2237000 -1 2438000 -1 2473000 -1 2685399 -1 2897798 -1 8260798 -1 14647798 -1 -2
5066000 -1 5356000 -1 6277600 -1 7199200 -1 11836200 -1 16162200 -1 16910200 -1 -2
11848000 -1 19554000 -1 19757000 -1 19944200 -1 23971200 -1 25645200 -1 34046200 -1 -2
7989000 -1 8287000 -1 8490400 -1 8693800 -1 14631800 -1 28633800 -1 29803800 -1 -2
11427000 -1 11725000 -1 19686000 -1 30678000 -1 37630000 -1 42753000 -1 49843000 -1 -2
13045000 -1 25593000 -1 25756000 -1 27584800 -1 28804800 -1 38402800 -1 45426800 -1 -2
12906000 -1 24902000 -1 24945000 -1 26442600 -1 31941600 -1 45161600 -1 47905600 -1 -2
2702000 -1 5160000 -1 5231000 -1 6203000 -1 7175000 -1 10590000 -1 16812000 -1 -2
2786000 -1 2914000 -1 3598000 -1 4282000 -1 4966000 -1 12955000 -1 20163000 -1 -2
7707000 -1 7710000 -1 8256000 -1 8802000 -1 9348000 -1 18663000 -1 20321000 -1 -2
8815000 -1 8886000 -1 19931000 -1 28477000 -1 34264000 -1 40226000 -1 42389000 -1 -2
4880000 -1 4882000 -1 5016400 -1 5150800 -1 5285200 -1 15368200 -1 29591200 -1 -2
1005000 -1 9857000 -1 17796000 -1 17939000 -1 24028000 -1 27608000 -1 34023000 -1 -2
1333000 -1 1430000 -1 10608000 -1 23450000 -1 29256000 -1 33216000 -1 42297000 -1 -2
5380000 -1 17141000 -1 17383000 -1 19366600 -1 23964600 -1 30862600 -1 35947600 -1 -2
2128000 -1 2385000 -1 4960000 -1 14127000 -1 16827000 -1 27683000 -1 38070000 -1 -2
7291000 -1 10235000 -1 10393000 -1 11919399 -1 23204399 -1 23498399 -1 26348399 -1 -2
1947000 -1 4403000 -1 4479000 -1 11142000 -1 11147000 -1 22314000 -1 32351000 -1 -2
11378000 -1 21438000 -1 21588000 -1 22745000 -1 22823000 -1 35398000 -1 47138000 -1 -2
2600000 -1 2708000 -1 2829200 -1 2950400 -1 3071600 -1 5421600 -1 9974600 -1 -2
8035000 -1 18263000 -1 18409000 -1 26363000 -1 26431000 -1 36346000 -1 49110000 -1 -2
12017000 -1 25029000 -1 25082000 -1 37117000 -1 37126000 -1 50363000 -1 62265000 -1 -2
13006000 -1 25009000 -1 25185000 -1 29027000 -1 33451000 -1 40689000 -1 45127000 -1 -2
13223000 -1 13406000 -1 15080000 -1 27115000 -1 39784000 -1 49592000 -1 63246000 -1 -2
12646000 -1 12857000 -1 13382600 -1 13908200 -1 14433800 -1 22965800 -1 32910800 -1 -2
3957000 -1 12933000 -1 21446000 -1 21562000 -1 35890000 -1 49803000 -1 57178000 -1 -2
3818000 -1 15129000 -1 15235000 -1 15281000 -1 27028000 -1 41165000 -1 41880000 -1 -2
2994000 -1 3232000 -1 6718000 -1 21099000 -1 33146000 -1 34233000 -1 37586000 -1 -2
12439000 -1 12660000 -1 13251600 -1 13843200 -1 14434800 -1 17979800 -1 28001800 -1 -2
5142000 -1 5204000 -1 5356400 -1 5508800 -1 5661200 -1 14844200 -1 23189200 -1 -2
5137000 -1 5396000 -1 12076000 -1 20664000 -1 29453000 -1 35686000 -1 41375000 -1 -2
1789000 -1 14552000 -1 18448000 -1 25176000 -1 25392000 -1 30934000 -1 39264000 -1 -2
6439000 -1 6644000 -1 7227200 -1 7810400 -1 8393600 -1 22779600 -1 27819600 -1 -2
2817000 -1 3003000 -1 3133800 -1 3264600 -1 3395400 -1 6024400 -1 13631400 -1 -2
7071000 -1 10012000 -1 10202000 -1 24310000 -1 37763000 -1 39670000 -1 47803000 -1 -2
5005000 -1 5073000 -1 5325000 -1 5577000 -1 8595000 -1 16330000 -1 22279000 -1 -2
13098000 -1 18183000 -1 26076000 -1 40241000 -1 40480000 -1 42471000 -1 48905000 -1 -2
6835000 -1 7042000 -1 7676800 -1 8311600 -1 8946400 -1 11409400 -1 17774400 -1 -2
13538000 -1 26255000 -1 26487000 -1 27365400 -1 28243800 -1 41843800 -1 47134800 -1 -2
13131000 -1 13312000 -1 14145000 -1 19069000 -1 23648000 -1 27288000 -1 28254000 -1 -2
1034000 -1 1044000 -1 1197000 -1 1350000 -1 9764000 -1 14737000 -1 24228000 -1 -2
4552000 -1 4619000 -1 16454000 -1 25353000 -1 27381000 -1 32287000 -1 43716000 -1 -2
3614000 -1 9839000 -1 12539000 -1 12610000 -1 20871000 -1 24999000 -1 29285000 -1 -2
8566000 -1 17359000 -1 17426000 -1 17483000 -1 19649000 -1 24507000 -1 31644000 -1 -2
9540000 -1 9688000 -1 22212000 -1 31421000 -1 37335000 -1 37522000 -1 45167000 -1 -2
1315000 -1 1400000 -1 2026400 -1 2652800 -1 3279200 -1 16040200 -1 27932200 -1 -2
7081000 -1 12755000 -1 13010000 -1 13109000 -1 19715000 -1 20074000 -1 23110000 -1 -2
1415000 -1 1522000 -1 1622800 -1 1723600 -1 11023600 -1 20038600 -1 26946600 -1 -2
5581000 -1 16957000 -1 17246000 -1 19119000 -1 28147000 -1 41816000 -1 48222000 -1 -2
13331000 -1 21077000 -1 21314000 -1 21645200 -1 29687200 -1 31611200 -1 44354200 -1 -2
13952000 -1 21885000 -1 32326000 -1 32335000 -1 45796000 -1 57632000 -1 59632000 -1 -2
214000 -1 1026000 -1 1300000 -1 5056000 -1 5062000 -1 16374000 -1 27755000 -1 -2
14015000 -1 14264000 -1 14861600 -1 15459200 -1 16056800 -1 17368800 -1 27184800 -1 -2
2332000 -1 15598000 -1 15877000 -1 16940800 -1 18004600 -1 20869600 -1 22146600 -1 -2
12869000 -1 13026000 -1 24786000 -1 31650000 -1 41510000 -1 51399000 -1 56756000 -1 -2
12609000 -1 15733000 -1 17220000 -1 17369000 -1 24605000 -1 33863000 -1 34791000 -1 -2
6589000 -1 6878000 -1 7074000 -1 7343000 -1 11547000 -1 13584000 -1 26782000 -1 -2
2997000 -1 3085000 -1 3965199 -1 4845398 -1 10300398 -1 21100398 -1 29361398 -1 -2
2569000 -1 2631000 -1 3337800 -1 4044600 -1 4751400 -1 5225400 -1 13353400 -1 -2
10899000 -1 23269000 -1 23538000 -1 29500000 -1 30926000 -1 33429000 -1 39477000 -1 -2
5746000 -1 5873000 -1 6475400 -1 7077800 -1 7680200 -1 8466200 -1 21232200 -1 -2
2582000 -1 5125000 -1 5125000 -1 5600200 -1 13837200 -1 18764200 -1 26245200 -1 -2
728000 -1 3740000 -1 4037000 -1 14733000 -1 19721000 -1 31627000 -1 44354000 -1 -2
518000 -1 643000 -1 1153000 -1 1663000 -1 2173000 -1 4674000 -1 10653000 -1 -2
3915000 -1 3924000 -1 12526000 -1 15660000 -1 22119000 -1 35703000 -1 45651000 -1 -2
156000 -1 14546000 -1 14818000 -1 17531000 -1 27079000 -1 29110000 -1 39857000 -1 -2
6948000 -1 7849000 -1 8087000 -1 8623400 -1 16259400 -1 21016400 -1 33090400 -1 -2
957000 -1 1164000 -1 10480000 -1 20769000 -1 29792000 -1 40109000 -1 43758000 -1 -2
7423000 -1 14104000 -1 14993000 -1 15275000 -1 20043000 -1 24582000 -1 26928000 -1 -2
11558000 -1 11755000 -1 11925399 -1 12095798 -1 12266197 -1 22345197 -1 35074197 -1 -2
7617000 -1 9005000 -1 20929000 -1 25063000 -1 25182000 -1 26985000 -1 39369000 -1 -2
128000 -1 9021000 -1 9280000 -1 9403000 -1 12192000 -1 25188000 -1 32308000 -1 -2
10731000 -1 10826000 -1 23696000 -1 28685000 -1 41165000 -1 49937000 -1 55791000 -1 -2
3234000 -1 6099000 -1 6163000 -1 18084000 -1 18230000 -1 31590000 -1 38665000 -1 -2
9145000 -1 9404000 -1 9896000 -1 10388000 -1 10880000 -1 24709000 -1 38253000 -1 -2
6842000 -1 13515000 -1 13647000 -1 14640600 -1 15634200 -1 27178200 -1 39072200 -1 -2
10466000 -1 10645000 -1 11521600 -1 12398200 -1 17154200 -1 22472200 -1 32091200 -1 -2
424000 -1 9687000 -1 9870000 -1 10660200 -1 11450400 -1 19935400 -1 22374400 -1 -2
2137000 -1 2306000 -1 3270800 -1 4235600 -1 6223600 -1 15941600 -1 20217600 -1 -2
13863000 -1 13867000 -1 20805000 -1 24522000 -1 32906000 -1 39792000 -1 51045000 -1 -2
1914000 -1 13433000 -1 13484000 -1 17777000 -1 17786000 -1 28748000 -1 41632000 -1 -2
12609000 -1 12904000 -1 27153000 -1 35235000 -1 48923000 -1 56539000 -1 57473000 -1 -2
7310000 -1 7522000 -1 7630000 -1 7738000 -1 7752000 -1 13938000 -1 27026000 -1 -2
1381000 -1 14737000 -1 14954000 -1 28982000 -1 31294000 -1 40016000 -1 46461000 -1 -2
521000 -1 816000 -1 1395000 -1 5571000 -1 8586000 -1 18169000 -1 24578000 -1 -2
8128000 -1 11583000 -1 11594000 -1 24189000 -1 27017000 -1 30161000 -1 37399000 -1 -2
991000 -1 11346000 -1 11476000 -1 11585000 -1 19769000 -1 23164000 -1 29723000 -1 -2
849000 -1 1022000 -1 1149199 -1 1276398 -1 1403597 -1 15643597 -1 22922597 -1 -2
1942000 -1 8592000 -1 8831000 -1 10962200 -1 13772200 -1 19130200 -1 26039200 -1 -2
5968000 -1 18779000 -1 32221000 -1 32230000 -1 35517000 -1 38960000 -1 50679000 -1 -2
10318000 -1 17811000 -1 17864000 -1 29832000 -1 30033000 -1 37846000 -1 51591000 -1 -2
1798000 -1 1830000 -1 1909200 -1 1988400 -1 2067600 -1 6495600 -1 12736600 -1 -2
428000 -1 7151000 -1 20875000 -1 20963000 -1 21057000 -1 34851000 -1 35032000 -1 -2
9233000 -1 9325000 -1 10011399 -1 10697798 -1 11384197 -1 17243197 -1 18536197 -1 -2
6341000 -1 10164000 -1 10453000 -1 12559000 -1 15935000 -1 24935000 -1 30167000 -1 -2
7115000 -1 7250000 -1 21308000 -1 25180000 -1 36366000 -1 47682000 -1 59720000 -1 -2
2537000 -1 6476000 -1 6776000 -1 6783000 -1 14417000 -1 28170000 -1 28521000 -1 -2
494000 -1 4780000 -1 4982000 -1 5385200 -1 8439200 -1 11562200 -1 17890200 -1 -2
2932000 -1 13318000 -1 13509000 -1 14578200 -1 15647400 -1 20734400 -1 23937400 -1 -2
13550000 -1 13719000 -1 13803000 -1 13887000 -1 13971000 -1 28079000 -1 28404000 -1 -2
12182000 -1 12241000 -1 17735000 -1 30628000 -1 34592000 -1 45090000 -1 51099000 -1 -2
6432000 -1 16662000 -1 16905000 -1 18831000 -1 20917000 -1 23601000 -1 28693000 -1 -2
4204000 -1 4346000 -1 4436000 -1 4526000 -1 4616000 -1 16993000 -1 29997000 -1 -2
14225000 -1 24644000 -1 24830000 -1 29035000 -1 40978000 -1 45758000 -1 51294000 -1 -2
11766000 -1 22182000 -1 22312000 -1 34854000 -1 41800000 -1 43506000 -1 57062000 -1 -2
9094000 -1 11105000 -1 11355000 -1 11427000 -1 18991000 -1 21917000 -1 22990000 -1 -2
10675000 -1 19802000 -1 20079000 -1 26478000 -1 26602000 -1 37344000 -1 39062000 -1 -2
6414000 -1 6634000 -1 17573000 -1 27480000 -1 37346000 -1 47251000 -1 49058000 -1 -2
11824000 -1 11902000 -1 16329000 -1 19169000 -1 24759000 -1 25689000 -1 34092000 -1 -2
4972000 -1 5117000 -1 5367200 -1 5617400 -1 12757400 -1 20640400 -1 23122400 -1 -2
6614000 -1 6800000 -1 7300400 -1 7800800 -1 8301200 -1 16598200 -1 19038200 -1 -2
9575000 -1 19306000 -1 19427000 -1 28567000 -1 31126000 -1 33955000 -1 39622000 -1 -2
2690000 -1 4368000 -1 4448000 -1 16430000 -1 27787000 -1 27959000 -1 28487000 -1 -2
11068000 -1 20377000 -1 20676000 -1 20701000 -1 31138000 -1 35564000 -1 39710000 -1 -2
2149000 -1 9362000 -1 9489000 -1 14238000 -1 20790000 -1 27063000 -1 36382000 -1 -2
5494000 -1 5789000 -1 6487000 -1 16096000 -1 23930000 -1 35618000 -1 38695000 -1 -2
8128000 -1 15900000 -1 16103000 -1 17087600 -1 18072200 -1 25774200 -1 28626200 -1 -2
4989000 -1 15933000 -1 16026000 -1 30175000 -1 30369000 -1 32419000 -1 43090000 -1 -2
11281000 -1 11335000 -1 11459800 -1 11584600 -1 11709400 -1 13117400 -1 15329400 -1 -2
6611000 -1 15047000 -1 15167000 -1 28433000 -1 28567000 -1 28610000 -1 40388000 -1 -2
4720000 -1 4909000 -1 4979799 -1 5050598 -1 5121397 -1 17540397 -1 17688397 -1 -2
10835000 -1 11096000 -1 23685000 -1 24624000 -1 31092000 -1 39425000 -1 40939000 -1 -2
11215000 -1 11231000 -1 18509000 -1 25097000 -1 36282000 -1 46138000 -1 50369000 -1 -2
9312000 -1 20082000 -1 20228000 -1 24801000 -1 26964000 -1 34245000 -1 38561000 -1 -2
11290000 -1 11479000 -1 18923000 -1 20504000 -1 32687000 -1 40690000 -1 44354000 -1 -2
756000 -1 985000 -1 1662999 -1 2340998 -1 3018997 -1 11837997 -1 24539997 -1 -2
6805000 -1 17023000 -1 17271000 -1 30086000 -1 41563000 -1 43906000 -1 53871000 -1 -2
2594000 -1 6589000 -1 6661000 -1 6928000 -1 16667000 -1 18303000 -1 27226000 -1 -2
439000 -1 12146000 -1 12173000 -1 12305000 -1 19078000 -1 22660000 -1 32767000 -1 -2
3473000 -1 3608000 -1 15851000 -1 27815000 -1 36597000 -1 43909000 -1 46622000 -1 -2
13118000 -1 13340000 -1 13996000 -1 25117000 -1 34837000 -1 48155000 -1 59614000 -1 -2
2179000 -1 11178000 -1 11450000 -1 22105000 -1 22124000 -1 28159000 -1 38903000 -1 -2
7548000 -1 8140000 -1 15371000 -1 16355000 -1 16631000 -1 16861000 -1 18194000 -1 -2
11660000 -1 16872000 -1 16985000 -1 18605000 -1 20822000 -1 29467000 -1 37668000 -1 -2
10478000 -1 10505000 -1 10702000 -1 24706000 -1 24984000 -1 35573000 -1 46614000 -1 -2
631000 -1 10782000 -1 10806000 -1 11689000 -1 11695000 -1 18016000 -1 23742000 -1 -2
6576000 -1 9642000 -1 9650000 -1 9981200 -1 22618200 -1 36390200 -1 49873200 -1 -2
2923000 -1 3037000 -1 3468000 -1 15631000 -1 28137000 -1 32324000 -1 44750000 -1 -2
5988000 -1 12896000 -1 17715000 -1 17717000 -1 26914000 -1 27478000 -1 31558000 -1 -2
2691000 -1 16504000 -1 16778000 -1 16931000 -1 17084000 -1 26400000 -1 38772000 -1 -2
13185000 -1 13323000 -1 21642000 -1 22669000 -1 29359000 -1 40173000 -1 44842000 -1 -2
9654000 -1 19782000 -1 25784000 -1 25979000 -1 30529000 -1 35807000 -1 39419000 -1 -2
8126000 -1 8418000 -1 19183000 -1 22164000 -1 25258000 -1 37218000 -1 38517000 -1 -2
12986000 -1 13082000 -1 17866000 -1 18311000 -1 19901000 -1 33475000 -1 39513000 -1 -2
8194000 -1 18378000 -1 18628000 -1 31027000 -1 31182000 -1 45443000 -1 54829000 -1 -2
6223000 -1 6395000 -1 11068000 -1 22340000 -1 35350000 -1 48634000 -1 57918000 -1 -2
8170000 -1 11917000 -1 19944000 -1 31329000 -1 31484000 -1 32449000 -1 35378000 -1 -2
9409000 -1 23342000 -1 23574000 -1 23697000 -1 34374000 -1 45839000 -1 55733000 -1 -2
